0 1 38 38 136 5 109 15 17 109 10 1 65 136 14 15 136 17 149 96 109 136 1 23 120 38 38 136 136 38 115 96 32 10 109 10 65 37 38 1 40 109 1 10 149 149 136 1 48 136 65 100 121 136 1 55 149 136 15 1 10 17 109 63 96 65 1 67 65 109 70 76 80 73 96 10 76 15 120 10 80 10 109 65 76 136 86 1 149 136 136 1 92 109 100 10 96 136 136 10 100 109 76 1 15 149 10 10 115 109 10 10 136 113 10 115 109 115 76 149 120 121 10 38 14 136 144 15 136 129 121 1 80 76 136 76 136 1 149 139 86 80 100 10 144 10 17 136 65 149 
0 1 66 137 87 125 115 59 19 11 0 11 131 115 14 66 66 0 102 19 20 91 22 125 115 87 103 11 115 66 115 131 137 91 59 106 115 131 137 39 102 102 59 11 44 125 125 47 66 137 59 93 87 22 54 11 59 137 11 59 137 131 19 63 64 59 66 14 59 11 39 59 72 131 14 59 102 102 59 115 0 103 125 102 102 131 137 87 137 87 87 91 11 93 131 115 125 102 44 11 87 39 102 103 137 105 106 106 115 0 59 39 106 131 137 115 59 11 11 137 59 59 115 131 131 125 131 59 137 91 106 131 132 133 131 137 0 137 87 137 66 59 102 137 137 14 131 106 125 106 
38 66 2 38 20 97 18 30 147 30 38 138 12 18 97 104 66 46 18 19 20 104 53 23 97 38 26 97 28 23 30 97 20 23 34 35 100 66 38 138 142 53 38 43 30 26 46 30 66 49 12 100 12 53 20 12 30 147 23 20 26 28 138 147 147 20 66 104 97 100 30 35 26 97 38 46 123 138 104 97 66 142 100 142 138 85 147 100 100 20 46 104 100 147 100 30 104 97 98 66 100 26 142 104 104 105 147 20 12 20 66 111 123 113 20 30 46 30 142 97 97 121 35 123 142 147 26 123 138 138 104 123 18 104 18 135 28 20 138 20 142 46 142 20 147 30 18 147 38 138 
38 137 38 3 134 92 134 134 8 99 143 11 137 68 71 134 81 71 134 68 137 99 143 29 58 38 38 105 136 29 105 105 137 92 81 105 82 99 38 98 134 81 38 43 44 105 99 29 58 99 134 105 105 81 134 43 43 57 58 68 60 38 98 137 105 68 99 144 68 98 134 71 72 143 74 68 71 38 134 97 57 81 82 105 105 71 137 92 137 134 81 57 92 99 144 81 38 97 98 99 38 101 81 81 137 105 106 81 81 137 38 111 68 113 137 134 111 144 11 71 97 81 113 38 82 136 144 111 137 29 106 134 81 68 134 137 136 137 38 101 58 68 81 143 144 134 81 57 38 81 
136 87 20 134 4 13 87 134 80 124 136 118 72 13 14 134 136 118 134 80 20 136 53 124 120 87 72 136 136 40 40 31 118 49 34 13 80 80 136 136 40 80 87 49 136 136 136 134 118 49 134 49 87 53 134 13 118 136 72 120 49 49 13 134 13 141 80 133 13 80 134 71 72 134 74 49 118 13 134 31 80 134 124 31 13 136 87 87 13 87 13 87 87 80 20 31 118 136 136 49 87 134 40 124 124 105 134 87 74 136 110 111 136 113 87 134 87 117 118 133 120 80 117 134 124 136 74 13 136 72 130 134 80 133 134 72 136 87 87 20 117 141 124 80 144 14 13 147 134 136 
0 125 97 92 13 5 33 134 114 9 79 92 50 13 14 92 79 14 97 129 114 97 114 125 125 97 38 97 107 129 129 79 32 33 129 13 92 14 38 39 125 92 107 69 79 125 92 129 114 49 50 51 50 33 134 92 51 97 92 125 79 33 114 63 92 107 92 92 97 69 114 14 13 97 14 92 76 38 97 79 69 97 82 14 92 92 114 114 13 107 13 129 92 93 114 95 69 97 92 92 69 97 69 103 79 92 107 107 14 69 38 38 92 79 114 14 97 92 114 92 97 79 33 123 14 125 129 125 114 129 114 134 125 125 134 76 125 114 129 33 69 13 142 92 144 14 92 114 125 14 
109 115 18 115 87 33 6 115 17 109 86 118 12 13 115 115 141 17 18 109 139 109 109 109 86 18 72 109 118 29 115 139 86 33 109 13 115 139 38 42 115 18 42 139 72 86 17 115 141 33 118 51 52 33 72 33 118 109 58 115 72 17 62 63 13 141 115 67 68 109 72 17 72 18 96 68 118 86 78 115 72 72 109 78 86 51 86 87 88 87 18 87 87 109 115 139 96 18 109 72 87 139 18 96 78 72 115 115 108 109 115 38 145 113 87 115 109 115 118 141 109 78 33 123 86 96 141 12 128 72 139 113 18 141 115 72 109 86 87 139 86 141 115 51 144 145 17 86 38 18 
15 59 30 134 134 134 134 7 47 30 79 11 55 13 145 15 41 17 134 41 61 43 60 15 61 61 60 27 61 47 30 31 134 61 59 41 47 47 134 98 40 41 59 43 98 27 41 47 47 61 134 51 105 41 134 55 43 55 11 59 60 61 62 134 105 65 15 112 59 11 134 134 60 134 41 41 76 15 78 79 41 41 15 105 40 55 61 134 55 60 40 15 15 15 15 43 96 27 98 11 134 134 40 27 15 105 41 40 41 27 59 47 112 134 62 134 41 11 11 27 59 15 134 123 41 40 55 15 60 47 27 134 41 41 134 134 27 134 138 27 40 59 40 41 55 145 41 27 61 105 
17 19 147 3 80 114 17 48 8 48 143 117 12 101 17 77 119 17 113 19 114 76 114 48 80 85 101 119 76 29 117 83 101 85 51 147 80 80 19 101 29 19 113 101 80 101 17 48 48 51 12 51 12 143 51 85 83 80 48 19 143 17 62 101 117 77 48 48 19 69 114 76 80 143 117 75 76 77 83 113 80 76 101 83 29 85 117 114 119 101 77 83 76 51 75 101 19 101 69 119 51 101 76 76 17 83 147 107 12 69 110 111 80 113 114 117 48 117 76 119 80 85 117 76 114 125 143 127 101 19 114 113 80 119 101 76 85 114 101 101 140 80 48 143 19 83 17 147 117 119 
109 11 30 99 124 5 109 30 48 9 109 11 74 88 124 141 141 11 132 128 109 21 88 124 56 109 45 109 30 48 30 30 88 30 34 99 128 74 74 45 30 132 124 56 44 45 141 48 48 99 34 34 132 81 124 128 56 109 34 34 128 119 62 88 34 141 48 48 68 109 70 81 72 73 74 94 48 62 128 113 141 81 109 56 88 85 45 114 88 30 74 88 11 109 94 30 74 142 44 99 147 128 142 124 124 45 99 74 74 109 34 111 34 113 114 30 48 74 142 119 109 142 113 128 124 147 141 127 128 30 124 124 132 141 128 109 128 128 128 88 34 141 142 73 128 30 128 147 128 88 
0 0 38 143 0 79 86 79 143 109 10 99 65 122 79 15 79 0 146 143 143 21 143 79 86 38 38 109 79 143 95 79 86 122 110 122 106 99 38 39 95 81 106 95 79 86 46 111 48 49 54 143 106 143 54 95 56 109 143 110 79 143 122 21 106 65 66 112 143 109 95 81 99 143 106 143 76 106 79 79 80 81 109 79 21 143 86 86 106 79 79 106 143 99 143 95 122 79 95 99 143 95 76 81 79 143 106 106 81 109 110 111 112 79 114 106 95 122 76 143 143 79 122 106 124 0 143 15 79 106 106 106 143 76 106 76 0 143 38 95 86 141 81 143 106 79 146 106 38 106 
1 1 138 3 118 92 118 7 117 9 99 11 55 55 17 92 16 17 92 83 20 99 58 58 58 99 27 27 28 58 9 83 118 55 58 99 92 99 3 98 7 55 55 55 44 27 99 7 58 99 118 118 58 27 1 55 56 55 58 59 58 7 7 55 64 83 99 92 59 69 70 17 58 99 117 75 118 99 83 79 69 3 56 83 83 55 117 92 149 99 27 58 92 99 27 55 96 27 98 99 92 101 83 27 58 83 99 27 118 27 58 126 92 117 118 115 99 117 118 119 59 121 122 92 9 136 126 99 55 138 27 1 27 16 7 118 136 1 138 27 58 9 118 143 55 83 17 27 27 149 
65 131 2 137 72 50 6 55 8 108 65 55 12 72 14 127 41 8 2 8 20 43 27 2 24 108 2 27 2 116 2 50 20 55 50 41 65 27 2 55 140 41 55 43 72 27 2 41 8 108 50 8 52 27 50 55 65 57 72 127 72 24 77 50 55 65 66 50 65 8 72 108 72 43 108 75 8 77 127 2 72 108 65 8 84 8 6 52 137 89 27 108 55 2 108 43 96 2 2 99 2 8 41 27 2 52 131 127 108 27 66 127 108 108 8 115 116 117 50 108 116 127 65 127 131 127 55 127 55 72 127 131 41 108 50 72 27 137 2 108 140 65 2 8 55 108 41 2 65 137 
136 115 18 68 4 5 6 7 101 88 35 55 72 13 14 62 90 146 18 62 4 35 88 90 62 18 72 136 136 29 115 4 32 55 64 35 90 35 138 101 90 41 55 55 72 62 90 7 67 4 70 5 70 136 72 55 56 57 72 68 72 7 62 88 64 68 35 67 68 5 70 35 72 73 4 68 4 62 117 90 4 90 62 64 90 55 86 4 88 101 90 91 64 93 88 70 72 18 136 35 4 101 18 67 67 35 115 72 115 62 64 4 68 18 62 115 116 117 4 88 4 121 35 127 4 136 126 127 136 72 14 4 18 4 4 72 136 88 138 101 117 141 35 143 55 14 146 35 117 88 
0 1 79 71 4 5 115 145 17 124 79 17 12 13 14 5 79 17 18 129 5 71 130 124 115 145 130 27 28 129 145 79 115 5 129 13 67 74 5 5 4 124 130 145 79 27 17 129 67 49 67 5 145 53 124 5 74 124 140 1 60 17 13 145 64 65 115 67 67 5 67 71 4 67 74 67 71 17 17 79 4 71 124 83 90 17 86 4 149 145 90 129 5 17 115 145 96 79 74 74 67 67 83 67 67 83 115 74 74 109 67 4 67 79 5 115 17 74 17 140 4 130 145 129 124 5 74 130 60 129 130 124 79 67 115 74 4 115 129 130 140 4 124 67 67 145 146 67 130 149 
0 66 104 134 134 92 134 7 77 141 10 92 127 77 92 15 16 71 134 77 104 77 58 23 58 93 23 7 7 23 7 31 16 23 58 66 82 77 77 39 7 7 58 7 121 82 23 7 66 104 134 134 121 75 134 92 82 57 58 7 7 7 77 16 92 77 66 104 75 23 134 71 58 73 77 75 92 77 121 31 66 121 82 31 77 121 77 92 94 134 77 104 92 93 94 31 31 104 92 66 92 101 77 104 104 7 77 127 94 109 66 127 92 104 77 134 116 127 77 127 75 121 134 123 23 23 141 127 134 134 121 134 73 104 134 134 134 104 77 66 58 141 121 75 121 134 146 93 134 104 
136 66 66 41 136 79 141 41 119 141 79 11 41 90 79 15 16 90 41 41 32 63 32 66 79 25 112 136 63 66 30 79 32 133 141 66 90 77 38 32 90 41 42 95 79 126 46 133 66 133 63 141 41 41 133 41 141 63 11 141 79 148 77 63 66 141 66 133 133 112 133 119 135 41 41 41 133 77 104 79 141 41 15 119 90 85 32 87 63 112 90 104 112 25 133 95 104 79 136 66 133 63 66 104 104 112 112 87 133 41 66 126 112 79 87 66 95 141 32 119 79 15 79 112 41 133 126 15 128 138 133 42 41 133 15 135 136 63 138 66 133 141 66 119 126 79 90 63 148 119 
0 0 46 71 118 14 6 7 8 11 0 11 8 146 14 71 146 17 146 8 61 71 146 46 61 93 146 11 118 8 129 31 118 6 34 71 146 99 38 8 146 146 6 43 11 146 46 146 8 49 118 8 6 8 54 11 118 137 11 71 46 61 8 63 64 8 8 146 8 69 146 71 6 73 14 46 118 8 78 14 8 81 8 8 146 8 6 6 137 8 146 104 146 93 46 46 118 118 69 99 69 8 118 103 104 64 106 118 118 69 38 46 112 8 8 6 116 8 118 8 78 121 118 61 14 118 118 121 146 129 14 146 146 104 71 118 46 137 118 6 8 6 118 8 146 14 146 8 61 146 
149 102 2 134 134 97 6 134 113 132 146 92 2 13 14 134 41 146 18 41 2 132 146 2 97 25 2 97 2 134 2 102 134 6 50 13 132 134 38 39 102 41 134 97 102 149 46 146 102 2 50 134 132 41 134 41 25 113 102 68 97 61 13 25 13 65 102 146 68 102 134 134 6 132 41 68 102 102 134 97 132 41 6 102 102 25 6 25 149 134 90 104 92 25 94 104 149 97 97 102 2 134 102 103 104 134 149 134 113 6 97 111 92 113 25 134 132 117 102 119 97 121 122 2 41 132 126 121 134 134 121 134 132 133 134 134 134 149 2 6 117 6 102 132 146 134 146 2 134 149 
96 1 2 68 8 129 109 41 8 128 8 83 8 62 129 8 41 8 41 19 2 83 53 129 62 38 53 53 2 129 129 83 96 53 129 35 140 96 38 8 40 41 38 8 83 62 46 129 8 83 129 8 144 53 62 41 83 109 140 68 128 83 62 8 83 68 140 144 68 8 96 71 129 85 96 75 8 8 83 79 8 41 109 83 84 85 140 87 129 83 84 129 85 93 94 83 96 68 62 35 38 8 83 129 96 83 144 53 41 109 38 38 68 8 8 129 129 8 96 83 96 85 96 129 41 96 129 62 128 129 130 83 41 140 134 135 53 128 129 139 140 68 53 8 144 83 41 8 38 96 
109 1 2 137 4 114 139 61 114 109 143 11 12 4 114 2 32 61 2 2 20 21 32 2 61 25 2 107 107 114 2 139 32 139 109 2 140 139 2 32 107 109 107 139 107 2 2 2 2 2 54 51 12 2 54 107 65 137 140 59 89 61 114 137 110 65 2 2 65 109 114 137 54 73 107 143 32 65 2 2 4 107 109 83 107 51 32 107 137 89 2 32 107 51 94 139 65 2 2 99 2 89 2 2 2 51 107 107 94 109 110 2 89 51 114 32 116 117 32 143 2 65 122 2 114 2 143 107 137 2 89 94 73 54 54 137 136 137 2 139 140 65 2 143 137 89 32 2 61 137 
136 91 91 99 136 97 109 43 76 9 10 99 43 35 71 77 63 71 73 83 20 21 22 23 73 63 91 136 63 84 129 83 91 122 9 35 73 99 63 39 102 75 63 43 98 126 99 47 43 99 63 51 52 22 91 43 43 63 91 63 22 119 77 63 83 77 99 75 75 43 43 71 99 73 126 75 76 77 83 10 73 76 82 83 84 73 76 91 63 63 84 91 92 99 75 43 149 97 98 99 63 43 102 129 91 83 99 63 91 109 73 111 136 113 114 99 111 122 76 119 73 75 122 76 9 136 126 99 136 129 22 63 73 76 73 76 136 63 77 43 119 126 73 73 126 63 22 63 43 149 
1 1 53 143 53 114 109 60 114 88 143 58 53 88 130 58 32 146 146 53 32 21 22 58 58 114 53 53 107 114 32 31 32 53 58 88 53 53 53 32 107 53 58 21 107 53 46 146 58 60 88 143 58 53 32 88 32 88 58 1 60 104 114 88 146 107 143 146 133 69 88 146 58 143 107 143 21 146 104 60 69 53 109 146 21 130 32 114 88 107 146 32 146 109 88 104 32 97 69 21 88 32 58 103 104 105 88 107 133 109 32 21 32 146 114 32 109 58 32 119 97 130 21 107 114 1 21 107 60 88 130 1 58 133 32 58 53 88 32 130 58 141 53 143 146 130 146 114 130 88 
0 125 2 29 124 125 109 15 48 124 79 58 2 46 124 15 66 46 2 29 2 21 58 23 125 93 26 27 2 29 2 79 2 33 58 46 82 27 2 138 29 46 58 49 44 125 46 29 48 49 50 93 52 27 54 33 52 57 58 125 49 49 29 93 93 125 66 48 75 69 52 71 58 15 93 75 76 15 125 79 93 71 82 49 29 125 86 124 29 89 46 91 15 93 75 46 93 2 49 93 2 26 66 124 2 27 93 27 49 109 66 46 112 46 114 66 29 49 48 27 125 15 33 2 124 125 29 15 125 29 125 124 125 133 15 135 125 109 138 33 58 141 124 75 125 79 46 93 125 109 
120 115 120 58 120 125 86 61 80 56 86 58 12 62 115 58 79 61 120 62 61 73 58 125 24 120 86 27 61 120 115 61 86 61 58 115 73 80 100 86 125 80 58 56 107 86 120 120 58 61 118 51 58 27 51 12 56 120 58 120 56 61 62 100 83 56 115 120 120 69 86 118 80 73 107 120 118 86 78 79 80 120 56 83 84 73 86 86 86 107 79 91 86 51 56 120 118 120 120 115 100 73 118 120 61 51 115 107 115 120 110 73 80 113 118 115 120 86 118 61 120 61 115 61 86 125 126 12 86 115 130 61 73 100 115 73 136 86 86 139 86 80 118 73 86 79 61 86 61 56 
38 87 38 38 87 97 18 28 85 93 38 93 108 18 145 93 16 93 18 38 20 63 114 93 97 25 26 97 28 38 28 93 118 33 38 93 65 93 38 63 97 16 63 63 98 26 93 93 93 93 63 93 87 93 54 85 56 63 63 63 60 28 114 63 93 65 16 38 65 69 114 71 72 85 38 93 76 38 78 97 80 97 65 65 28 85 87 87 63 87 16 87 87 93 108 145 96 97 98 93 87 63 18 96 38 38 106 87 108 93 38 38 145 18 114 87 87 85 118 119 97 85 122 38 93 93 28 38 136 38 114 63 18 16 18 135 136 137 38 33 87 141 97 143 137 145 18 93 38 96 
38 103 2 38 72 38 72 60 101 45 38 45 2 72 130 23 112 146 2 53 2 91 53 23 45 25 26 45 2 23 2 31 101 53 112 2 53 45 38 101 2 53 38 101 72 45 46 45 2 60 45 51 52 53 72 45 60 45 72 112 60 2 45 101 146 38 2 101 112 112 72 146 72 101 38 53 101 38 2 60 72 53 45 31 45 101 45 87 101 60 46 91 112 23 2 101 60 2 2 72 2 101 2 103 2 45 112 72 112 101 38 38 112 46 2 2 46 101 2 45 2 130 53 2 23 45 45 2 128 103 130 101 72 2 101 72 53 38 2 101 140 45 2 53 146 112 146 2 38 45 
136 11 97 105 136 97 109 7 119 109 109 11 12 136 14 7 136 11 97 53 107 136 53 23 24 97 45 27 136 23 7 31 53 53 109 147 53 37 148 45 40 53 107 7 37 45 136 37 23 49 12 147 132 53 7 11 11 136 11 7 7 148 7 147 105 148 23 147 68 109 53 119 12 132 37 53 11 37 97 97 37 81 109 119 90 136 45 107 119 107 90 11 11 147 94 139 96 97 136 37 147 97 97 103 97 105 147 107 12 109 37 45 136 131 147 107 109 11 11 119 97 130 11 107 23 136 45 12 136 103 130 131 132 119 7 135 136 119 109 139 119 109 97 53 147 97 90 147 148 119 
136 115 2 136 136 107 118 61 118 30 79 11 2 136 14 61 63 118 2 2 107 63 107 2 61 25 2 136 28 138 30 79 118 61 138 2 73 126 25 39 107 132 107 43 107 126 136 30 118 61 50 118 132 136 25 107 118 136 58 107 79 61 138 63 118 107 2 136 136 69 136 71 72 73 107 75 118 138 118 79 80 107 82 61 84 136 107 107 63 107 79 2 136 25 2 30 118 2 136 11 2 138 118 103 2 61 107 107 118 136 61 73 136 79 118 115 116 30 118 119 61 61 79 107 136 136 126 107 136 138 61 107 132 138 136 72 136 63 138 61 58 25 2 73 144 79 118 2 61 138 
38 66 23 3 40 129 6 47 8 48 8 23 116 13 129 23 66 8 134 129 114 84 114 23 116 38 23 23 138 29 129 116 129 23 129 35 47 47 38 39 40 116 39 116 47 129 23 47 48 23 129 51 23 129 23 129 51 3 23 116 129 47 62 63 23 65 66 48 129 8 114 3 129 116 129 23 8 8 116 23 8 3 23 83 84 8 84 116 129 129 40 129 3 23 47 116 129 116 3 66 38 8 40 129 129 3 129 40 129 116 110 116 23 8 114 115 116 8 114 8 116 8 35 129 23 23 129 66 138 129 116 23 116 47 134 23 23 3 138 139 40 48 40 8 144 129 47 8 38 138 
115 115 2 105 40 129 115 7 117 9 95 9 2 115 145 7 16 129 2 129 2 129 115 2 115 28 2 7 28 129 30 95 115 33 9 2 115 47 2 39 40 7 39 95 44 9 2 47 47 2 129 115 105 2 115 7 9 39 9 115 89 28 62 145 117 65 2 112 65 145 70 129 72 142 9 47 142 138 117 145 80 81 65 145 40 142 115 115 9 89 40 129 112 2 115 95 65 2 44 9 2 89 142 129 2 105 115 89 115 9 115 111 112 9 2 115 95 117 142 9 2 142 145 2 142 40 129 142 9 129 89 115 9 95 115 2 28 115 138 95 117 9 142 2 115 145 142 2 117 44 
96 131 79 83 4 79 139 7 83 95 79 83 50 4 79 15 79 17 83 83 139 83 22 79 61 93 26 27 79 95 95 31 96 139 131 35 96 131 96 101 40 133 131 95 79 45 95 47 133 49 50 93 50 27 54 95 83 79 15 50 79 61 62 50 83 96 66 67 133 96 95 71 72 73 96 15 133 15 83 79 4 95 82 83 84 73 4 4 133 79 79 83 15 93 131 95 96 79 95 99 133 101 83 96 95 83 131 107 133 93 83 73 79 79 62 79 95 4 96 83 79 79 96 131 131 96 45 15 79 83 133 131 73 133 15 72 4 144 133 139 133 133 83 73 144 79 83 93 61 96 
0 137 20 137 118 5 86 115 101 88 86 118 20 13 115 16 16 118 115 96 20 91 22 20 86 118 101 22 118 91 115 96 32 91 115 35 36 39 137 39 118 16 39 101 20 39 20 118 118 91 118 20 22 22 54 39 56 137 22 20 22 20 54 137 118 20 16 101 68 22 39 118 54 101 96 91 118 86 118 16 101 137 101 91 86 101 86 86 88 20 16 91 112 96 20 101 96 101 39 99 20 101 118 103 91 137 115 20 115 109 110 39 112 54 20 115 20 115 118 137 86 22 115 20 54 118 118 20 137 91 22 39 16 16 115 137 16 137 39 20 86 16 118 22 137 112 22 86 16 137 
122 91 23 92 49 5 6 61 85 30 122 55 55 55 5 23 133 6 6 53 139 122 53 23 61 25 53 53 61 23 30 139 91 33 34 122 53 139 25 139 30 53 55 55 79 53 23 133 23 49 50 49 23 53 133 55 55 55 23 55 49 61 122 25 92 122 139 133 133 69 53 85 6 85 74 49 92 49 6 79 49 53 139 49 122 85 6 92 139 122 79 91 92 93 94 139 122 97 49 49 122 139 69 5 49 122 6 53 133 6 122 111 92 122 5 6 23 122 6 61 97 85 122 61 23 23 55 127 55 91 139 122 139 133 134 135 53 139 133 139 133 141 122 53 55 122 146 93 61 122 
109 59 2 81 4 129 109 59 51 9 110 58 50 64 129 58 141 17 50 129 109 9 58 58 58 110 112 109 138 129 9 131 115 33 34 110 58 110 110 138 4 81 42 50 44 9 58 129 48 51 50 51 58 81 50 42 9 109 58 59 58 110 112 50 64 141 110 110 59 109 50 81 58 110 9 59 81 138 59 44 80 81 109 64 84 51 86 138 88 112 81 58 112 109 131 81 64 110 44 9 51 101 131 129 58 64 112 44 81 109 110 111 112 131 9 115 109 117 50 58 59 81 117 112 9 59 129 59 9 129 138 131 9 141 131 110 112 137 138 58 58 141 9 51 110 112 64 9 110 149 
122 106 2 105 13 13 13 41 147 99 122 99 41 13 13 66 66 71 13 19 2 21 88 46 122 99 2 147 2 29 2 31 32 122 66 35 99 99 2 42 142 41 42 21 99 105 46 29 66 99 50 105 105 41 50 55 65 57 99 42 46 122 13 147 13 65 66 147 13 122 13 71 13 21 41 75 71 99 122 122 41 41 65 105 21 71 147 87 88 99 13 21 55 99 75 46 122 2 122 99 122 101 41 29 2 105 106 106 41 41 66 111 106 122 147 122 29 122 122 99 147 127 122 105 41 147 21 127 122 29 106 106 41 41 122 13 13 88 2 122 66 141 142 75 106 122 41 147 65 88 
65 115 100 82 80 92 115 47 80 128 115 92 65 90 67 82 90 67 73 140 140 73 53 82 73 65 53 53 73 47 115 96 32 53 140 99 36 47 100 39 140 53 39 73 82 82 90 47 67 49 67 100 82 53 115 140 82 80 140 115 128 65 82 100 92 65 140 67 65 100 67 140 80 73 96 67 73 65 128 115 80 53 82 65 90 73 140 100 100 67 90 67 92 99 100 67 96 73 82 99 100 67 142 67 67 105 115 115 115 82 67 111 67 80 100 115 111 140 96 140 73 65 96 127 82 100 67 127 128 47 67 100 73 67 115 73 53 128 128 82 140 141 142 73 67 67 67 67 65 96 
0 131 99 99 80 74 139 47 80 74 99 99 27 99 74 77 77 99 131 74 139 99 27 27 80 99 45 27 126 47 47 131 45 139 110 99 47 37 77 45 40 80 131 99 44 45 99 47 47 99 45 99 126 27 54 55 74 80 99 110 60 44 77 77 117 65 99 67 65 80 80 99 80 73 74 47 77 77 117 44 80 27 45 77 77 131 45 44 94 99 77 77 44 99 94 74 74 27 44 99 94 80 77 27 104 45 99 44 74 27 110 47 80 131 77 117 99 117 99 99 80 44 117 131 131 45 126 99 27 47 139 131 80 47 131 80 27 77 138 139 117 80 80 126 126 44 77 27 27 44 
0 137 2 3 136 5 6 3 19 74 10 3 2 138 5 77 16 17 18 19 2 25 26 2 100 25 26 148 25 29 2 96 137 25 110 2 100 77 38 138 29 19 42 43 110 26 2 29 2 2 25 100 26 26 25 42 25 3 3 110 26 148 77 25 110 148 2 110 3 100 3 3 26 73 74 3 123 77 2 10 26 3 3 19 138 25 6 138 137 138 90 2 3 25 100 43 96 2 3 3 100 26 77 26 2 3 3 123 74 138 110 111 123 3 25 110 111 148 138 3 2 2 96 123 148 148 111 123 138 138 148 123 18 133 3 110 136 137 138 6 19 141 2 3 3 25 26 2 148 138 
1 1 138 98 98 5 42 98 101 45 10 98 42 101 5 15 32 101 18 101 32 21 32 138 32 42 101 45 28 29 30 101 32 101 138 42 36 45 138 39 30 102 42 101 98 45 46 30 101 98 70 42 42 53 32 42 32 57 42 42 60 28 98 42 98 138 102 101 42 98 70 98 70 101 74 101 102 138 32 5 101 98 101 102 102 101 32 87 32 101 36 32 98 147 42 101 96 98 98 45 101 101 102 98 42 45 1 42 74 101 32 111 112 42 70 32 111 101 32 101 42 130 98 42 42 45 45 111 101 138 130 42 101 133 101 135 98 32 138 101 36 45 98 101 144 30 101 147 148 98 
0 102 142 7 4 125 30 7 29 30 95 7 140 90 4 7 90 90 102 19 107 102 107 29 125 142 142 27 107 29 30 31 142 30 4 142 140 37 29 30 40 7 107 7 102 125 46 7 142 4 142 7 140 142 54 7 102 4 140 7 7 7 7 90 102 102 102 90 142 102 7 102 4 73 90 46 102 102 7 90 4 142 82 102 90 142 140 4 29 30 90 29 4 29 102 95 7 142 142 102 142 142 102 103 142 105 107 107 142 27 102 29 112 102 29 30 29 140 142 140 125 121 122 107 142 125 29 142 4 29 121 102 73 140 7 102 4 102 30 139 140 4 142 73 125 145 90 125 125 149 
109 102 53 81 80 55 18 7 19 132 81 55 12 13 124 7 16 146 18 19 109 75 53 46 80 16 53 53 132 116 7 133 16 53 81 35 53 80 19 102 7 41 55 55 102 126 46 47 47 133 12 54 52 53 54 55 55 80 102 7 7 7 19 16 146 65 102 133 68 102 53 81 80 132 74 75 102 102 7 16 80 81 124 102 84 55 124 87 106 112 16 108 55 109 94 95 19 81 81 35 100 146 102 81 133 7 106 81 108 109 102 116 112 80 124 108 116 74 102 133 80 81 35 102 124 125 126 12 19 19 133 102 132 133 7 75 53 81 133 53 133 16 142 53 55 7 146 35 16 81 
59 59 38 38 107 107 6 59 113 131 131 55 55 55 130 58 16 6 131 38 107 63 58 58 58 63 38 107 107 39 39 131 39 55 34 35 39 131 38 39 107 55 42 55 107 39 113 131 58 104 63 51 52 53 131 55 59 57 58 59 58 148 55 63 55 107 16 104 59 69 39 59 58 131 107 59 131 63 120 113 80 107 55 83 107 55 6 107 63 107 16 58 55 63 131 55 38 97 39 55 63 39 131 131 104 131 131 107 108 107 59 39 55 113 130 107 120 148 118 58 120 130 113 131 131 59 55 107 55 129 130 131 52 130 131 39 39 63 39 130 58 59 131 59 55 63 131 63 148 63 
95 55 2 3 49 69 139 7 101 56 95 55 12 55 95 7 95 17 97 101 139 21 21 49 56 21 101 7 28 95 95 95 101 55 50 21 73 21 38 101 7 55 55 43 95 55 95 7 48 49 50 56 56 55 50 55 56 55 55 56 49 61 77 21 64 56 48 101 3 69 95 21 12 73 95 21 76 77 7 95 101 95 56 56 21 55 56 55 88 101 21 21 55 21 56 95 96 97 95 21 101 101 76 95 95 3 21 55 12 69 64 21 55 113 55 95 95 49 56 21 95 55 55 38 55 148 55 12 101 21 139 55 132 95 7 76 21 3 138 139 55 48 97 73 55 95 101 21 148 21 
149 1 30 3 98 79 72 98 37 9 79 11 72 72 79 121 79 11 102 102 107 98 107 23 107 98 72 37 107 47 30 79 107 79 34 37 98 37 110 98 102 102 107 98 44 37 98 47 47 49 34 51 121 107 72 11 9 98 11 110 79 61 98 107 110 107 102 110 72 98 72 71 72 110 74 75 102 37 121 79 37 149 98 102 102 121 107 107 149 107 79 107 98 37 37 98 149 98 98 37 107 98 102 98 79 105 107 107 74 9 110 98 98 79 107 107 116 37 102 149 98 121 79 123 9 98 37 107 9 30 121 37 9 49 134 72 98 149 149 37 98 9 98 79 144 79 149 98 61 149 
149 125 26 105 27 125 86 27 26 9 86 27 27 62 27 82 126 26 149 62 26 126 27 125 86 26 26 27 126 126 9 31 39 27 9 105 82 37 26 39 125 126 39 126 37 45 26 37 9 27 50 105 105 27 50 126 9 57 27 125 26 27 62 50 105 82 26 50 82 9 39 105 26 9 37 27 86 37 126 27 37 149 82 105 84 125 86 86 149 26 27 26 105 27 27 95 149 27 39 37 125 26 39 26 26 105 126 27 37 9 37 126 26 9 62 86 126 37 50 27 125 126 62 123 82 125 126 125 9 126 26 37 9 125 50 135 27 86 39 27 86 126 26 126 126 26 26 27 27 149 
136 23 2 99 136 92 17 41 17 141 10 99 2 90 17 23 16 17 18 19 2 99 22 23 116 23 26 136 136 23 2 95 2 23 23 35 90 99 2 39 40 41 113 95 136 26 46 41 23 23 23 23 52 136 23 41 60 136 23 75 60 17 90 16 92 96 2 75 75 17 95 17 26 73 90 75 135 90 116 23 41 41 23 19 90 136 86 92 88 60 90 75 92 23 94 95 96 2 136 99 2 101 41 26 2 35 99 2 94 23 110 111 136 113 23 2 116 90 118 99 116 121 113 2 23 23 141 23 136 129 26 113 41 41 136 135 136 17 2 95 140 141 2 75 52 145 90 2 148 96 
1 1 30 29 7 129 30 7 48 48 111 7 41 7 129 7 133 146 146 129 30 21 146 29 120 37 37 37 30 29 30 31 48 133 129 29 36 37 29 30 7 41 37 7 44 37 41 47 48 133 50 51 48 41 7 7 48 111 48 7 7 7 62 63 92 37 48 48 68 48 48 119 72 36 37 75 76 37 120 31 37 41 48 48 29 48 37 92 129 30 146 129 92 37 94 30 7 120 44 37 36 48 41 129 133 7 37 44 133 120 37 111 7 48 48 30 29 37 48 119 120 7 48 129 41 120 37 111 48 129 130 37 41 133 7 72 37 1 129 37 36 48 30 75 144 30 146 37 148 44 
0 66 66 58 118 8 141 47 8 9 10 58 8 67 67 66 66 8 66 8 66 43 58 23 58 23 66 23 118 29 47 133 118 23 34 66 67 47 66 8 142 47 58 43 47 9 23 47 48 133 67 8 58 53 133 43 9 67 58 141 58 61 8 66 8 82 66 67 133 8 67 8 58 67 9 67 8 8 118 23 8 81 82 8 66 8 58 87 9 67 66 58 67 23 94 116 118 142 142 66 133 8 66 67 67 8 66 87 133 9 66 116 67 8 8 66 116 8 118 8 116 8 122 66 82 23 126 66 128 47 133 66 9 133 47 8 67 58 66 66 58 141 142 8 67 67 67 8 8 8 
98 137 2 99 4 5 33 61 51 99 10 99 108 4 14 104 133 17 2 83 2 99 60 23 61 99 60 27 61 23 2 31 104 33 51 99 36 99 2 98 4 133 104 43 44 27 23 133 133 49 33 51 23 33 51 43 43 104 23 75 60 61 98 133 117 83 99 133 75 98 70 99 99 43 117 75 133 77 104 60 80 98 98 83 83 51 140 4 137 60 23 104 98 99 75 104 104 97 98 99 51 43 83 104 104 83 99 44 108 23 60 111 112 51 114 117 99 117 4 133 80 98 33 2 104 23 126 127 60 104 104 99 80 133 4 75 98 137 2 33 140 133 2 75 137 83 17 2 148 98 
65 59 12 134 134 5 118 134 12 34 54 118 12 70 67 134 63 118 18 129 54 63 88 23 118 63 45 12 28 129 129 31 118 33 34 35 67 45 63 70 118 12 63 43 34 45 23 47 67 33 50 54 52 67 54 12 118 63 52 59 54 28 54 63 34 65 12 67 59 5 70 134 54 134 108 67 118 77 118 79 80 34 65 31 12 12 45 52 88 89 90 129 67 23 94 43 118 97 67 35 63 67 118 67 67 105 106 65 108 34 67 111 67 54 118 134 12 122 118 54 59 121 122 129 54 59 45 12 128 129 63 134 52 67 134 118 134 63 129 33 12 80 118 67 67 63 67 63 65 88 
100 93 100 105 49 5 6 7 8 34 143 118 8 5 5 134 141 8 134 8 20 21 143 93 24 93 26 93 118 29 115 93 20 49 34 105 100 93 100 42 7 54 42 56 44 105 93 47 8 49 54 51 105 143 54 85 56 113 34 34 49 49 54 100 93 20 8 67 8 8 134 71 54 143 93 143 8 8 78 113 8 34 56 8 100 85 6 100 100 89 8 54 5 93 100 8 93 5 49 93 100 8 102 103 49 105 93 20 113 93 34 8 34 113 8 115 29 8 118 8 24 85 113 105 54 100 143 49 128 34 89 113 8 49 134 135 85 20 138 6 8 141 100 143 144 89 146 93 134 105 
121 87 12 105 87 50 6 105 12 132 144 58 12 70 145 121 41 6 132 144 12 21 58 23 58 87 26 132 132 23 105 50 58 23 58 105 82 126 26 42 58 41 42 56 121 105 46 58 58 23 50 105 52 41 50 12 56 12 58 42 60 121 82 42 105 121 23 50 144 112 70 105 72 132 126 121 135 12 121 121 132 121 82 105 84 121 87 87 88 87 46 58 92 23 144 70 96 120 121 58 87 82 58 103 103 105 144 87 12 82 144 132 112 42 87 87 116 58 50 58 120 121 145 105 82 23 126 121 144 103 121 42 132 58 70 135 136 144 87 58 58 126 121 132 144 145 144 147 42 105 
136 22 2 81 4 33 33 41 143 81 143 27 27 136 14 75 41 143 41 19 2 22 22 27 27 93 26 27 136 19 2 27 22 33 81 41 36 27 26 39 142 41 42 41 107 27 136 41 48 33 36 143 41 53 41 41 36 136 22 75 60 33 19 41 93 36 2 36 75 143 70 81 26 143 41 75 81 41 19 27 41 81 36 19 41 136 22 107 22 107 27 75 36 93 75 81 19 27 136 93 36 26 41 81 2 27 41 107 81 27 36 111 136 33 22 36 41 36 142 27 27 81 33 123 41 136 143 36 136 19 22 41 41 41 136 75 136 143 2 139 36 36 142 143 19 136 41 27 27 81 
1 1 20 134 134 134 72 134 51 124 10 1 50 72 124 134 133 17 134 62 20 91 32 23 51 25 72 134 25 23 134 31 32 133 50 50 134 37 25 32 40 41 134 50 72 50 23 134 133 51 50 51 50 41 54 41 51 113 72 50 60 20 62 50 51 50 66 50 133 112 134 134 72 134 134 91 76 77 134 60 80 81 124 91 90 51 32 134 91 20 90 91 112 51 20 95 72 25 62 72 51 134 77 124 104 51 134 20 133 20 134 111 112 113 20 134 72 113 50 119 120 134 113 112 124 133 126 127 134 91 133 134 72 133 134 72 136 20 77 20 133 133 142 51 134 134 134 51 134 149 
0 11 12 43 13 92 33 7 85 128 43 11 12 13 92 92 41 11 41 41 42 43 88 33 12 85 126 11 42 126 7 43 42 33 42 35 140 37 42 42 7 41 42 43 11 126 41 7 43 43 12 85 12 41 41 55 43 57 42 42 128 7 13 42 92 12 12 92 68 11 70 71 12 43 126 41 92 12 78 33 41 81 82 11 43 85 140 92 88 42 13 57 92 11 12 43 11 43 92 11 92 43 41 81 42 92 144 42 12 41 110 126 92 42 114 12 12 11 11 140 42 85 122 42 41 85 126 12 128 126 42 42 41 41 7 12 85 144 128 33 140 126 140 92 144 43 92 57 42 11 
149 59 9 43 118 51 118 43 83 9 10 11 65 13 74 82 9 118 25 83 65 43 32 52 24 25 60 11 118 51 9 83 32 43 9 65 82 74 25 32 83 43 59 43 9 9 60 9 9 43 118 51 52 82 51 43 56 9 52 59 60 24 82 25 83 65 83 67 65 43 52 71 72 43 74 94 118 65 83 60 24 9 82 83 83 51 24 52 9 60 74 83 11 51 94 43 65 24 149 9 94 43 83 82 83 83 115 65 94 9 59 126 60 9 118 115 24 11 118 119 24 65 65 123 82 125 126 59 9 83 65 94 9 65 115 135 11 149 149 43 140 9 118 51 52 83 149 9 65 149 
136 137 147 3 136 97 109 55 80 109 109 55 12 13 124 15 63 137 113 109 137 63 137 23 120 63 45 136 136 3 39 113 137 55 109 35 80 80 3 39 136 80 42 55 136 45 136 111 67 104 63 113 12 136 113 55 109 57 91 120 137 104 13 63 3 12 66 67 3 109 39 3 80 111 3 91 3 137 120 113 80 3 109 91 113 136 137 137 137 63 13 91 55 147 137 104 104 97 136 3 147 39 97 104 104 3 147 42 108 109 97 111 136 113 137 137 111 113 137 137 120 121 113 113 124 136 126 12 137 91 104 113 80 104 3 137 136 137 39 137 55 80 97 3 137 63 113 147 148 137 
15 11 23 3 72 11 6 11 48 34 22 11 72 72 140 15 11 11 102 140 140 91 22 23 24 42 72 11 28 23 34 15 22 23 34 11 140 11 3 42 140 102 42 42 11 11 23 48 48 23 52 34 52 22 72 42 52 91 58 42 60 24 140 42 64 140 48 48 72 11 72 3 72 73 117 91 102 15 117 60 72 34 48 11 102 85 140 52 22 60 23 91 11 23 94 91 72 22 11 11 140 91 102 52 91 3 91 42 91 109 34 3 34 42 22 34 48 117 11 140 24 52 117 42 23 23 11 15 137 91 42 42 132 140 3 72 11 137 34 139 140 34 140 22 52 52 22 23 42 11 
1 1 20 68 120 125 115 7 68 34 110 11 127 68 1 7 141 71 68 68 20 42 1 125 120 42 68 7 42 120 115 50 20 42 34 42 115 110 110 42 7 7 42 56 110 125 68 7 141 68 50 34 42 68 50 42 56 120 42 59 7 7 62 42 110 68 110 110 68 11 50 71 68 120 42 68 71 68 120 120 120 34 68 56 1 121 86 1 42 20 7 1 42 1 68 95 125 120 7 11 125 42 1 1 42 7 1 42 115 120 110 127 68 42 20 115 120 11 50 127 120 121 115 127 42 125 141 127 1 34 42 42 132 68 7 110 125 1 34 139 42 141 125 143 68 68 71 125 148 34 
79 137 26 3 49 79 72 7 143 128 79 58 72 72 14 7 79 46 79 128 89 22 22 49 56 25 26 7 79 103 89 79 22 49 58 46 128 37 26 39 7 7 58 49 79 26 46 7 58 49 54 49 52 53 54 128 56 137 58 7 60 49 7 89 92 96 66 112 68 69 72 3 72 143 96 49 92 77 128 79 72 103 124 83 84 92 128 89 137 89 79 58 92 96 56 79 96 79 49 49 26 128 83 103 49 7 79 89 49 128 110 89 112 113 137 79 46 49 96 143 120 79 79 128 124 96 126 49 128 103 130 124 72 49 7 72 128 137 128 49 58 128 124 143 137 79 128 147 128 96 
17 123 28 148 49 33 17 7 17 119 143 7 24 7 17 7 148 17 18 83 20 119 104 49 24 28 28 148 28 7 28 31 20 33 110 33 148 44 148 28 7 7 148 43 44 148 17 7 48 49 28 49 121 33 20 7 24 104 24 7 49 61 7 63 83 148 28 104 68 17 7 119 28 24 28 49 123 148 104 28 24 121 119 83 28 85 24 28 119 20 90 104 33 28 20 104 96 24 49 49 24 17 83 104 104 105 123 28 119 20 110 148 123 104 20 24 24 148 28 119 24 121 33 123 104 148 28 123 148 123 148 123 28 104 7 7 28 104 28 33 119 148 121 143 121 83 17 28 148 149 
109 19 77 98 13 114 6 7 8 9 122 7 77 13 13 77 77 8 13 19 114 77 114 29 24 114 45 7 77 29 30 31 54 122 112 13 82 77 77 98 7 19 13 77 98 45 13 47 8 98 54 54 82 19 54 13 82 13 19 59 7 7 62 77 13 77 77 112 19 98 13 19 13 31 96 75 77 77 78 31 112 98 82 19 77 19 77 114 13 112 13 77 112 109 19 31 96 98 98 77 77 13 77 19 104 7 77 127 112 109 112 111 112 122 114 13 29 122 114 127 24 127 122 127 82 45 45 127 19 19 114 77 9 133 54 13 98 114 77 31 19 13 98 8 19 112 77 114 77 98 
0 1 147 137 134 5 6 134 101 88 21 42 50 88 145 16 16 17 25 101 137 21 88 25 100 25 101 147 28 29 145 50 137 25 50 147 100 77 25 42 90 16 42 21 42 50 16 47 66 16 50 100 42 16 50 42 25 57 42 42 89 61 77 63 64 65 66 101 42 69 88 21 42 21 42 21 21 77 134 145 57 147 101 145 21 25 137 25 88 89 90 21 100 25 88 145 25 25 21 21 100 101 42 42 137 137 88 42 25 137 66 21 145 42 25 137 28 145 50 16 42 42 145 42 42 147 21 42 137 88 42 42 21 16 134 137 28 137 101 101 42 16 100 143 137 145 101 147 42 88 
96 1 93 105 13 92 13 105 117 34 106 11 92 13 14 92 110 17 13 83 110 83 146 93 83 93 146 105 118 93 117 83 118 92 34 13 92 117 110 92 83 146 92 43 110 105 92 92 117 117 34 93 105 93 93 92 83 105 58 110 92 83 13 63 64 83 110 92 68 69 13 146 13 110 117 68 92 83 83 79 34 34 82 83 105 92 117 92 88 110 13 83 92 93 88 43 96 110 92 93 92 146 83 96 96 105 106 106 117 93 110 105 92 113 92 106 92 117 118 83 83 92 117 105 93 96 106 117 146 34 106 106 13 117 105 93 13 88 34 92 117 117 142 92 110 83 146 93 117 105 
0 68 20 68 141 107 141 7 77 141 10 83 12 68 14 77 141 77 18 68 20 77 107 148 56 25 148 148 107 29 30 96 20 122 141 35 36 37 148 138 77 41 107 56 107 82 96 37 82 83 50 20 121 36 50 12 56 12 36 68 96 148 77 63 83 65 77 36 68 96 96 35 68 36 74 68 77 77 121 121 141 121 82 83 77 121 77 87 96 107 77 83 36 96 20 30 96 68 98 37 36 82 77 82 96 105 107 107 12 82 68 36 68 122 20 36 12 148 96 83 120 121 122 107 82 148 141 121 36 138 121 37 68 133 134 68 0 20 138 20 36 141 121 68 121 83 77 35 148 96 
1 1 2 99 80 92 115 15 48 48 10 99 12 35 115 15 16 48 102 140 2 99 143 23 115 16 2 23 2 29 2 31 16 139 110 35 140 99 2 102 102 102 16 48 102 2 2 48 48 99 12 48 23 2 54 12 102 57 48 110 60 2 102 63 110 102 66 67 16 102 67 71 99 143 99 15 102 102 78 79 80 48 48 102 102 48 140 115 63 2 16 2 92 99 115 16 2 2 2 99 2 67 102 67 2 35 99 115 108 23 110 127 16 113 2 115 48 140 102 99 2 15 35 2 23 23 16 127 48 29 139 102 80 16 15 110 16 115 2 139 140 16 2 143 110 79 67 2 16 102 
0 14 104 144 133 92 6 112 48 48 112 92 50 13 14 104 133 146 146 144 104 75 146 48 120 110 101 147 112 48 112 31 101 133 110 147 36 37 110 101 146 133 104 101 110 50 75 48 48 133 50 51 50 36 50 92 56 57 48 110 112 104 112 101 92 36 66 67 112 112 70 76 70 36 14 75 76 146 104 79 112 103 36 146 146 92 70 92 70 112 146 104 92 147 75 101 96 101 92 36 36 101 76 103 104 105 112 112 133 101 110 36 112 146 70 36 48 36 48 133 120 144 112 112 14 133 126 36 101 103 104 101 36 133 70 76 112 104 101 101 36 133 36 143 144 112 146 147 36 146 
65 59 97 3 13 97 6 59 19 9 75 59 65 13 112 75 133 19 18 19 65 75 133 75 59 65 112 27 112 19 65 133 32 133 59 13 65 65 3 59 142 41 59 3 72 82 75 47 133 75 59 19 144 75 133 55 65 3 72 59 60 61 19 59 64 65 133 112 68 112 72 3 72 132 3 75 133 65 59 79 112 3 82 19 19 19 137 100 137 112 13 91 112 19 75 133 19 97 3 3 100 3 19 19 133 3 112 65 133 19 59 3 112 113 19 115 59 141 118 133 59 65 65 112 82 59 141 59 19 19 133 59 132 133 3 75 112 137 65 139 133 141 142 75 144 112 146 147 65 19 
109 11 100 98 80 5 109 11 8 109 109 11 8 5 5 23 112 17 102 8 109 43 22 23 24 25 112 109 28 8 145 96 22 33 109 122 100 80 100 98 102 102 42 43 98 109 17 8 8 98 5 8 112 143 112 11 43 109 11 11 60 17 98 63 64 96 102 112 112 69 11 76 80 73 74 143 76 8 109 5 80 98 109 8 102 8 140 100 22 112 17 8 5 109 100 98 96 5 98 11 100 8 102 5 96 112 106 5 74 109 110 98 112 8 5 109 109 8 17 8 109 98 122 112 23 5 11 8 109 5 22 102 80 140 5 76 98 109 109 33 140 80 98 143 5 145 17 8 5 98 
0 39 30 134 134 114 72 134 114 9 95 11 72 13 67 134 67 67 134 96 114 95 88 52 86 114 72 53 136 114 30 95 39 53 50 13 67 72 134 39 134 53 39 95 72 39 95 67 67 49 50 134 52 53 134 55 52 39 72 50 72 134 13 88 13 96 67 67 72 11 70 134 72 134 96 67 67 134 134 113 72 95 67 11 84 136 86 114 88 134 13 88 67 96 88 95 96 120 98 72 134 67 102 67 67 72 88 72 67 109 67 39 67 113 114 134 95 11 114 67 120 127 113 127 114 136 126 127 134 72 130 134 72 67 134 72 136 88 39 95 67 72 30 67 67 95 67 67 134 88 
76 59 35 3 4 14 17 134 76 81 81 17 81 35 14 15 119 17 134 19 3 21 146 23 76 25 146 119 28 3 129 31 76 85 81 35 119 99 3 3 76 81 59 21 44 3 17 119 76 99 134 51 3 81 134 55 56 3 3 59 3 119 19 21 146 35 66 76 3 76 134 71 76 76 74 75 76 15 134 79 76 81 3 119 21 85 76 4 119 134 146 21 76 99 75 81 19 81 3 99 100 134 76 81 15 3 3 81 81 19 3 3 134 3 76 134 116 85 76 119 59 85 35 76 4 85 21 15 128 129 85 134 81 133 134 76 85 3 76 139 119 133 81 3 3 14 146 35 134 81 
80 1 26 3 4 13 6 60 80 9 99 58 12 13 4 58 135 6 6 129 54 99 58 58 80 25 26 12 28 129 30 31 54 6 58 13 80 80 26 70 4 80 58 12 44 26 26 47 58 99 54 54 52 26 54 12 56 80 58 68 60 28 13 58 13 68 99 70 68 80 70 135 72 132 107 68 135 54 6 60 80 81 68 31 80 80 6 4 88 107 13 129 80 99 12 70 96 80 44 99 4 26 58 129 54 105 99 107 12 6 135 111 80 80 70 6 116 4 4 99 80 80 96 107 4 96 129 12 60 129 26 12 132 54 54 135 4 135 129 6 58 80 80 80 68 80 26 99 26 96 
0 131 97 143 134 97 132 134 143 9 143 21 43 13 36 15 132 17 132 85 20 21 143 15 24 85 101 132 28 111 142 31 101 85 110 21 36 37 38 101 40 132 131 43 110 9 46 36 36 43 134 143 132 143 134 43 43 111 58 120 143 24 31 21 110 36 143 36 132 69 134 76 132 73 9 143 76 21 120 97 132 76 36 31 21 85 24 87 132 101 36 21 36 31 131 43 36 97 97 21 36 101 76 76 104 143 143 28 36 9 110 111 36 131 20 36 111 36 76 143 120 85 21 131 142 132 21 36 128 21 104 131 132 76 134 135 21 143 101 101 36 141 142 143 144 134 101 9 134 21 
96 14 38 3 4 14 96 41 117 9 107 117 108 4 14 37 41 14 41 96 107 126 107 93 107 38 38 37 107 129 9 96 96 33 9 41 96 37 38 39 90 41 107 95 44 37 90 37 9 117 108 93 126 41 4 126 56 3 117 107 96 107 96 107 117 65 37 14 3 69 96 71 107 9 74 41 71 37 117 14 37 108 82 96 90 117 117 107 9 107 90 108 92 93 108 95 96 98 98 37 38 101 41 96 96 3 107 107 108 9 37 126 108 108 107 108 116 117 96 108 96 44 96 107 9 96 126 107 9 129 14 37 9 108 4 135 4 3 38 37 117 9 9 143 126 14 90 9 148 96 
143 68 46 68 49 67 68 41 8 94 143 11 12 68 67 15 41 46 68 19 143 21 143 23 120 23 53 53 28 23 47 15 91 49 68 35 67 47 68 67 46 41 68 21 44 53 46 47 67 49 67 143 121 53 91 41 94 91 91 68 49 49 62 21 68 68 15 67 68 143 67 71 68 143 41 75 135 15 120 68 80 41 68 91 21 8 46 143 94 68 46 91 67 23 94 46 19 68 49 49 94 67 41 67 49 68 143 53 94 23 67 46 68 46 8 94 46 8 135 143 120 121 35 123 23 23 143 15 137 91 121 94 41 133 15 135 46 137 46 49 133 68 53 143 68 68 67 67 68 21 
0 102 123 71 118 5 118 7 8 8 10 118 8 118 71 92 133 118 102 8 118 21 21 23 118 25 8 118 118 8 118 133 118 92 81 71 73 102 123 102 102 102 102 43 102 86 135 47 8 133 118 8 135 81 54 92 118 71 102 71 92 123 102 21 92 102 102 67 133 69 67 71 135 73 71 135 76 102 118 10 8 81 8 102 102 8 86 92 133 8 102 21 92 135 100 95 118 102 92 21 100 8 102 103 133 71 10 123 133 69 135 73 92 8 8 118 8 8 118 8 73 81 118 123 102 133 21 127 8 103 133 102 73 133 71 135 21 135 138 139 133 133 118 8 67 95 71 8 148 81 
15 102 138 38 62 38 86 15 8 62 106 99 12 62 8 15 16 8 102 8 65 21 146 15 86 38 38 37 138 8 138 15 86 49 138 99 65 37 38 138 102 102 63 43 37 37 90 37 8 49 50 8 12 102 54 12 65 137 15 65 60 65 62 63 102 65 102 146 65 8 15 15 54 21 37 15 102 77 102 79 8 102 65 102 102 8 86 138 88 138 90 91 15 93 37 43 65 102 62 99 100 8 102 103 15 65 106 65 12 138 38 38 62 8 62 106 8 8 102 8 65 15 122 38 102 65 37 15 138 138 138 102 132 138 15 102 102 137 138 37 140 65 102 8 137 63 146 8 65 138 
120 120 104 134 134 120 6 7 83 128 121 83 121 117 17 121 104 17 134 83 104 83 104 120 24 25 104 120 118 120 117 83 118 6 120 117 128 117 104 118 7 7 120 7 121 126 120 120 118 104 118 51 121 83 134 55 83 120 117 120 128 104 62 134 83 121 66 104 120 120 134 134 6 120 117 120 118 83 78 121 120 121 120 83 83 85 24 92 104 134 117 104 92 147 134 104 118 120 121 104 134 134 83 104 104 83 117 134 118 120 120 120 92 117 118 134 120 117 118 83 120 121 117 121 124 120 126 121 128 134 121 134 120 104 134 134 128 104 128 6 117 117 118 120 121 83 83 147 148 104 
10 115 97 97 31 5 115 7 113 113 10 11 97 90 14 31 16 14 97 19 97 10 60 23 24 97 60 97 28 23 145 31 16 33 44 122 115 44 10 5 90 16 113 31 44 97 23 31 23 60 50 113 121 97 60 33 60 113 60 97 60 28 31 145 64 121 66 67 68 5 113 71 60 97 14 68 10 77 121 79 113 97 31 31 90 121 10 145 10 145 90 104 5 23 115 31 31 97 97 10 97 97 97 60 104 97 10 44 113 10 97 10 145 113 5 115 97 122 28 16 97 121 122 97 14 23 16 121 60 14 145 113 132 16 115 16 97 104 97 31 140 16 97 10 121 145 90 97 16 44 
0 0 66 57 4 69 72 41 8 141 10 69 72 4 4 66 141 8 132 8 4 132 69 93 24 25 72 37 28 8 30 4 101 49 34 41 36 37 72 101 4 41 42 101 37 37 41 37 8 49 50 8 132 41 54 41 24 57 72 120 72 24 112 57 34 141 66 112 112 69 72 8 72 132 37 75 8 8 120 113 80 41 36 8 84 8 24 4 132 112 4 57 112 93 37 95 72 97 98 37 69 101 41 120 49 72 112 72 113 69 37 4 112 113 8 115 120 8 4 8 120 121 113 112 4 120 141 121 101 72 130 37 132 141 4 72 4 57 101 101 36 141 142 8 121 145 41 8 120 98 
10 103 142 3 3 97 72 41 76 9 10 3 108 90 71 121 41 17 41 41 107 76 53 71 97 97 53 27 107 3 30 95 3 53 34 41 53 27 3 98 142 41 107 95 149 149 41 41 48 98 34 34 121 53 54 55 9 3 34 34 103 121 98 147 34 121 48 103 3 98 95 71 72 76 108 41 76 41 121 97 41 81 3 41 90 71 10 107 149 107 90 108 92 147 108 95 149 97 98 3 142 3 41 103 103 3 106 107 108 41 34 3 34 113 147 108 95 76 118 71 97 121 10 107 41 142 41 121 128 103 121 3 41 41 3 76 53 3 149 95 142 34 142 3 3 95 146 147 3 149 
109 125 36 3 124 5 109 15 101 109 109 56 65 62 124 15 15 101 109 109 109 21 109 23 56 65 45 109 28 23 65 31 101 139 109 65 36 45 3 101 40 124 55 56 98 45 23 48 48 98 65 56 52 36 124 55 56 109 48 68 124 119 62 101 64 65 48 36 68 109 36 3 68 36 74 68 101 65 109 31 36 3 82 56 36 101 86 124 109 101 36 91 36 109 56 101 36 101 98 36 36 101 124 103 124 45 124 65 36 109 36 36 36 124 124 36 48 36 56 119 109 65 65 123 124 125 126 36 36 103 124 124 52 133 101 52 98 109 101 139 36 65 124 3 52 124 101 125 65 98 
65 102 102 105 31 14 78 105 8 56 31 11 8 64 14 31 119 8 102 19 20 21 146 49 24 65 31 119 61 29 145 31 91 49 64 105 65 102 19 102 102 102 42 56 102 105 19 8 8 49 31 8 105 19 91 11 56 91 11 56 60 61 19 145 64 65 102 146 19 8 11 119 31 31 19 91 102 102 78 31 8 102 56 83 102 8 86 91 91 145 146 91 64 64 94 31 19 102 49 11 102 8 102 19 91 105 91 65 119 19 64 111 145 8 8 56 31 8 118 119 78 78 145 105 102 8 11 127 19 19 145 102 102 119 78 102 11 119 19 31 19 65 102 8 19 145 146 147 65 119 
102 102 138 105 90 92 86 90 29 88 21 102 12 90 90 102 90 90 102 19 107 21 21 29 24 28 45 90 28 29 90 31 86 122 34 21 90 102 138 102 90 41 107 21 102 45 90 29 102 102 12 100 52 41 90 21 102 113 102 102 60 28 102 21 105 102 102 90 19 102 70 21 80 21 90 21 102 102 102 90 80 90 90 102 84 85 86 87 88 107 90 21 92 29 100 21 19 102 21 21 100 138 102 129 21 105 107 107 12 21 102 21 92 113 87 107 29 90 102 21 29 102 122 102 102 100 21 107 138 129 138 102 90 90 102 102 21 88 138 139 86 90 102 143 90 90 90 100 148 88 
136 131 2 71 136 92 51 55 8 9 8 55 8 55 8 121 16 8 25 19 51 73 130 125 73 25 8 136 136 8 142 73 8 33 51 71 73 131 25 8 142 55 55 55 121 125 136 8 8 51 8 51 121 136 51 55 51 136 58 121 92 61 19 25 92 121 8 92 19 8 136 71 8 73 117 8 8 8 78 121 8 71 8 8 84 85 86 92 149 130 136 8 92 25 131 55 19 25 136 71 51 8 131 103 104 51 131 55 8 109 110 73 136 8 8 117 8 117 8 8 78 121 117 131 131 125 55 121 136 19 130 131 73 125 131 8 136 149 149 33 8 8 142 8 121 8 71 8 125 149 
0 137 147 137 87 87 6 24 117 45 10 117 6 13 14 77 32 6 6 140 32 76 32 23 24 87 45 45 87 84 6 87 32 6 34 147 140 45 6 32 140 124 6 24 87 45 46 45 140 140 45 6 87 32 32 140 24 137 140 59 128 24 77 137 117 77 140 70 137 140 70 76 6 24 117 46 76 77 24 10 24 10 82 83 84 85 86 87 137 87 87 32 87 147 137 10 6 97 87 10 87 32 77 124 137 45 10 87 6 6 110 10 32 6 87 6 87 117 32 140 24 121 117 6 124 24 45 87 128 87 87 124 6 140 6 137 87 137 87 6 140 6 140 10 137 6 87 147 117 137 
1 1 100 92 4 114 6 4 114 114 86 92 52 4 4 92 16 6 25 19 107 91 114 4 86 25 26 107 107 116 115 4 86 92 138 35 100 107 138 39 4 41 107 92 107 86 92 92 48 4 52 100 52 107 4 92 52 137 52 1 89 107 114 25 92 65 115 92 100 100 114 4 4 73 107 143 92 138 92 145 4 107 4 91 84 92 86 87 137 89 90 91 92 25 100 116 25 25 92 107 100 138 1 138 91 92 107 107 115 6 115 116 92 4 114 115 116 4 4 92 4 130 100 107 4 100 126 107 138 138 130 107 52 100 4 137 4 137 138 6 86 4 100 143 137 145 146 114 130 149 
149 137 100 137 13 13 6 55 119 9 106 149 137 13 149 94 63 137 149 129 137 63 22 129 137 63 101 119 63 129 9 133 32 139 34 35 100 94 137 32 129 106 63 43 149 149 46 129 9 137 50 100 52 22 91 55 9 137 22 63 137 119 13 63 64 149 63 70 137 22 70 119 72 132 9 94 133 77 137 106 132 149 9 91 84 149 137 137 88 89 13 91 55 63 94 70 149 22 149 106 100 101 102 129 137 105 106 106 94 9 64 137 106 9 137 106 129 106 32 119 9 137 35 123 9 100 129 123 137 129 22 94 132 133 70 137 149 137 149 139 119 9 9 22 137 63 149 106 63 149 
112 87 20 134 87 107 87 60 101 30 145 99 12 101 145 134 112 101 134 145 20 63 107 23 107 87 60 107 107 30 30 145 20 145 112 99 112 99 138 101 30 112 107 101 107 60 60 30 112 60 50 51 87 107 20 107 60 63 60 20 60 20 112 63 110 107 20 112 112 112 134 134 107 101 107 112 101 138 134 145 112 107 101 145 107 130 87 87 88 89 87 87 112 99 20 145 60 101 98 99 87 101 145 60 104 112 107 107 112 20 110 111 112 145 20 107 87 30 118 99 101 130 145 107 60 112 60 107 60 30 130 134 112 130 134 134 112 20 138 101 20 112 30 20 107 145 101 147 130 98 
46 87 46 81 13 13 18 40 77 74 79 27 27 13 14 77 16 146 18 84 46 84 146 46 79 16 46 27 79 40 40 79 16 79 81 13 36 77 38 36 40 16 16 84 79 27 46 146 16 46 50 77 46 27 54 13 74 13 46 40 79 61 13 63 13 77 16 146 13 146 13 146 13 36 74 46 40 77 117 79 13 81 36 146 84 46 87 87 13 87 90 146 146 46 46 46 74 79 46 46 36 146 40 27 16 84 77 87 74 27 110 46 16 146 87 36 46 117 146 27 46 79 117 46 124 40 16 36 146 40 87 146 132 16 18 46 46 77 77 27 40 16 40 46 146 145 146 27 27 146 
1 1 104 57 87 129 87 104 83 88 106 58 108 13 129 104 104 104 104 129 32 21 32 23 24 87 26 58 104 129 129 83 32 33 58 21 104 77 104 32 129 108 58 21 107 26 75 129 58 104 129 54 58 75 54 57 83 57 58 1 58 104 77 21 83 83 104 104 68 83 88 21 129 21 108 75 21 77 104 104 57 108 82 83 21 83 32 87 88 87 146 91 87 23 108 104 104 104 21 21 87 101 83 129 104 83 106 107 108 57 58 21 106 57 87 106 129 58 32 83 104 104 122 129 104 125 129 104 101 129 104 106 58 104 54 75 57 104 129 101 58 68 104 75 106 83 146 106 104 149 
0 11 100 3 87 5 87 15 76 11 143 11 55 64 5 15 112 146 18 85 87 21 146 15 87 87 112 11 98 3 112 15 112 33 112 55 36 98 3 98 87 55 55 55 98 105 46 47 67 98 67 5 52 36 112 55 11 55 11 55 60 33 112 100 64 36 66 67 112 5 67 76 112 36 74 67 76 15 78 5 112 81 36 64 84 85 87 87 55 112 146 87 92 64 100 98 64 98 98 11 100 67 76 67 15 105 112 87 112 109 64 3 112 146 5 87 87 64 76 119 78 15 33 112 87 5 126 15 55 5 87 55 18 67 15 76 98 3 87 139 36 15 98 143 55 112 146 98 64 98 
109 1 147 99 80 5 109 15 51 109 99 99 147 13 17 15 25 17 25 19 51 99 109 23 51 25 23 147 25 23 147 31 96 33 109 99 99 99 25 147 23 109 25 99 99 147 23 99 23 99 23 51 23 53 51 99 51 147 23 1 96 25 109 25 64 96 99 147 19 109 96 99 99 31 74 23 135 77 147 23 80 147 109 64 23 25 147 25 25 99 23 23 64 93 147 31 96 25 147 99 147 109 77 96 147 64 99 109 25 109 64 25 23 51 147 99 109 64 96 99 109 15 96 123 23 23 99 99 109 23 147 23 80 31 134 135 109 109 109 33 23 25 147 51 144 25 17 147 23 96 
100 131 100 144 20 20 115 15 75 9 75 27 108 88 115 15 108 46 18 19 20 75 88 75 56 108 100 27 100 47 115 131 20 33 131 75 100 37 100 131 131 41 131 56 37 27 46 47 48 75 50 100 144 75 20 108 56 137 58 75 56 20 19 88 88 20 115 75 75 100 88 75 108 131 108 75 100 37 131 115 37 108 56 83 100 131 137 100 88 20 46 108 100 100 94 46 19 27 88 37 100 131 131 131 104 131 131 20 108 20 115 46 108 131 20 115 46 115 108 108 75 75 100 131 131 100 131 15 137 88 131 131 18 108 131 75 27 137 100 20 58 9 100 75 144 108 131 100 27 88 
10 30 30 81 31 5 139 43 101 30 10 43 43 70 145 31 16 46 104 31 139 43 104 46 116 145 101 139 30 116 30 31 101 139 81 46 101 74 43 101 40 41 43 43 98 45 46 30 116 104 43 101 70 81 54 43 43 104 104 59 31 104 31 145 43 30 16 101 133 98 70 81 70 43 74 46 76 43 104 31 80 81 101 31 43 43 10 116 70 145 46 104 98 31 46 95 31 98 98 46 101 101 31 81 104 30 10 74 81 116 10 116 145 46 70 30 116 30 76 133 116 81 145 30 124 133 43 70 101 30 139 31 116 133 101 76 98 104 101 139 133 16 30 10 31 145 101 98 43 98 
0 125 104 38 118 69 6 7 19 74 122 11 12 72 14 31 104 118 149 19 65 149 32 93 118 25 60 27 118 19 65 31 32 122 64 122 36 74 38 39 7 19 38 43 149 149 46 7 118 104 118 93 52 19 72 11 65 104 72 125 60 61 62 25 64 65 104 67 19 69 70 19 72 36 74 19 118 65 118 31 72 149 36 19 19 19 6 25 149 60 74 104 64 93 19 31 96 120 149 93 36 74 118 103 104 64 149 74 74 93 64 38 69 122 114 36 120 122 118 149 120 65 122 38 104 125 74 36 19 19 104 31 72 31 7 72 125 149 149 31 19 65 118 19 19 122 149 93 65 149 
136 102 2 3 136 5 18 27 101 142 79 27 2 18 79 2 79 142 18 68 2 21 22 2 120 25 2 27 2 120 2 79 101 33 110 2 73 27 2 98 142 81 42 43 98 27 2 120 142 49 50 5 120 27 25 43 120 57 22 120 79 120 98 25 110 68 2 101 68 5 120 81 80 73 98 68 102 102 120 79 80 81 101 102 102 25 86 25 22 101 79 2 98 25 27 98 120 97 98 3 2 101 102 27 2 105 106 27 81 109 110 73 136 79 5 142 120 120 142 27 120 79 79 2 142 120 27 142 101 5 27 102 18 68 18 2 136 57 2 101 142 141 142 73 144 79 18 2 27 98 
136 44 2 3 136 92 109 7 69 44 95 11 2 136 74 92 136 69 97 62 2 21 69 49 97 25 2 136 136 3 44 95 39 49 44 122 82 44 3 39 142 81 39 95 44 39 136 44 142 49 92 49 121 136 62 92 149 136 11 7 49 49 62 21 92 65 2 92 3 69 70 3 44 97 74 49 92 62 121 97 80 81 82 49 21 136 92 92 149 89 136 21 92 147 149 95 149 97 98 49 2 39 44 103 49 3 149 44 108 109 44 111 136 3 147 142 95 49 142 149 97 121 122 123 142 136 21 121 136 103 121 44 80 49 3 39 136 3 149 95 140 80 142 3 3 95 149 147 136 149 
10 11 66 3 49 11 72 11 119 9 10 11 12 35 37 66 66 17 66 35 20 21 21 93 106 93 72 37 11 66 9 31 32 49 9 35 36 37 3 37 66 35 11 21 37 37 46 37 66 49 35 93 11 93 72 11 9 3 11 11 49 49 77 21 93 37 66 36 3 11 72 71 72 21 37 49 21 77 49 10 37 3 36 11 21 71 10 106 106 89 46 21 11 93 37 46 93 3 49 99 36 3 66 3 49 3 106 106 119 93 66 3 106 3 114 106 116 11 11 119 116 127 35 106 9 93 37 127 9 72 130 106 72 49 3 72 136 3 77 37 119 9 9 10 106 89 17 93 49 106 
0 87 2 38 87 69 87 134 51 147 143 92 2 87 36 92 133 69 2 38 2 63 88 2 24 87 2 147 2 38 2 133 2 122 51 122 36 94 38 101 142 41 63 101 87 125 2 36 133 51 63 51 87 36 51 92 94 147 36 125 2 24 77 63 92 36 2 36 68 69 134 71 87 36 38 94 76 77 134 2 69 142 36 142 84 51 87 87 88 87 36 87 92 147 94 101 36 2 2 36 100 101 142 2 2 51 147 87 94 69 38 38 92 122 87 36 87 122 118 133 125 142 122 2 142 125 87 36 36 2 87 131 41 133 134 76 125 87 2 101 36 133 142 143 94 63 92 147 125 88 
109 39 26 3 134 97 139 134 8 128 95 11 8 13 67 15 63 8 134 8 89 43 32 26 73 63 26 97 138 8 89 31 32 139 34 35 67 80 26 39 142 146 39 43 39 26 46 8 8 43 67 8 82 26 134 43 43 39 91 39 128 8 13 63 146 82 67 67 3 8 67 134 26 73 74 67 8 8 134 97 80 3 82 8 138 8 32 138 88 89 146 91 67 109 131 95 74 97 39 3 100 101 131 67 67 3 131 89 74 109 67 39 67 8 8 134 95 8 32 8 120 8 134 131 82 100 26 15 128 138 139 131 73 67 134 8 128 128 138 139 8 80 142 8 67 89 146 8 128 138 
76 1 142 41 40 69 18 40 76 142 76 83 41 18 83 77 66 118 18 83 142 21 58 66 118 18 142 97 118 40 142 83 118 69 131 41 142 77 77 39 40 41 131 76 44 39 41 41 66 83 118 51 58 41 77 41 83 97 58 1 83 83 77 131 83 77 66 76 83 69 70 76 58 76 41 41 76 77 83 97 41 41 131 83 84 131 77 1 88 83 40 83 76 77 131 83 118 97 44 66 142 131 102 131 142 83 106 44 41 69 66 111 69 131 118 142 41 76 118 83 97 142 142 131 131 40 126 66 83 83 131 131 41 41 131 76 136 1 77 66 40 118 142 66 106 83 18 142 77 149 
1 1 104 81 124 5 96 27 76 124 81 27 27 67 67 104 104 17 18 129 104 129 22 124 120 96 26 27 28 129 129 96 32 5 129 129 67 27 26 98 40 81 131 81 98 26 26 129 67 104 67 51 52 81 124 81 82 104 52 1 60 104 129 131 96 82 67 67 129 5 67 81 129 76 96 67 76 77 104 60 120 81 82 129 129 85 124 129 129 60 27 129 67 96 131 81 96 27 98 81 104 67 131 103 104 81 131 81 81 82 67 116 67 131 5 1 116 129 76 27 120 81 96 129 124 96 129 129 60 129 104 131 132 67 131 76 27 104 129 139 129 129 81 67 67 129 67 27 27 81 
15 137 2 137 124 79 78 15 17 124 79 91 2 67 67 15 16 17 18 96 2 91 22 2 61 2 2 2 2 91 2 95 91 49 91 2 67 37 2 42 2 133 42 95 79 2 2 133 67 49 67 49 103 2 54 42 91 57 91 42 49 61 62 137 96 96 2 67 133 96 67 15 54 73 96 49 133 15 78 79 49 103 124 91 91 85 137 91 137 89 16 91 15 2 94 95 96 2 49 49 2 67 2 103 104 149 91 42 108 137 67 73 67 113 137 137 95 49 118 133 78 15 96 2 124 133 91 15 137 91 130 124 73 133 15 137 16 137 2 130 133 133 2 73 137 79 67 2 61 149 
149 1 2 3 4 92 72 7 83 45 3 83 52 35 83 7 112 64 3 83 51 83 22 27 51 3 45 27 61 3 30 83 3 35 64 35 36 45 3 45 40 7 131 3 44 45 35 7 83 83 50 51 52 27 51 92 83 3 3 7 7 61 7 3 64 65 35 67 3 112 72 3 72 3 3 3 3 65 83 97 72 3 45 83 84 51 45 92 88 112 84 83 92 64 131 30 64 97 3 3 51 3 83 3 149 105 64 107 3 27 64 3 112 3 3 30 3 64 83 83 120 65 35 123 131 45 45 123 123 123 27 131 132 83 3 72 27 3 149 27 64 65 30 3 3 83 149 35 65 149 
10 1 147 3 115 107 115 41 147 99 10 99 131 115 115 77 112 17 149 144 107 99 88 99 115 25 112 147 107 91 115 131 115 115 112 35 115 99 3 1 107 41 131 99 107 126 99 99 99 99 50 99 144 41 115 144 115 147 91 1 10 123 77 88 64 107 99 112 112 69 88 3 99 10 107 10 10 77 117 10 112 81 131 91 107 131 10 107 88 107 77 91 112 99 131 10 149 97 149 99 147 131 102 131 91 64 106 107 115 10 115 10 112 131 147 115 99 117 102 99 1 144 10 123 131 147 126 107 137 91 130 131 41 130 115 135 112 137 149 130 117 115 115 10 144 112 149 147 130 149 
106 106 20 81 87 5 115 40 8 74 106 27 127 72 74 127 87 28 134 53 20 42 22 27 24 87 72 27 28 40 89 31 20 53 44 106 115 44 123 42 40 81 42 42 44 27 20 44 87 44 65 20 87 53 20 42 65 42 42 42 89 28 127 42 106 65 115 89 65 5 72 81 72 28 74 53 123 65 134 44 72 81 65 65 84 42 87 87 106 89 87 91 87 109 20 74 74 27 44 106 87 89 44 81 42 105 106 107 74 109 44 127 89 42 87 115 87 74 28 27 24 127 115 123 131 5 74 127 128 123 89 131 72 22 134 72 28 20 87 20 20 65 115 20 106 89 22 106 42 106 
115 115 12 81 74 74 6 41 12 74 81 118 12 115 74 94 133 118 113 41 94 91 133 49 115 25 112 12 118 91 115 133 115 133 81 41 115 74 74 74 81 41 42 12 74 74 94 133 133 49 50 113 12 81 133 12 94 57 91 115 49 119 112 25 74 12 66 133 133 74 133 81 12 115 74 94 133 12 118 113 113 81 115 119 12 12 6 115 94 112 74 91 112 25 94 81 74 81 98 119 94 74 41 81 104 81 115 74 108 41 115 81 112 113 118 115 12 74 118 119 12 81 122 112 41 133 74 12 81 91 133 94 41 133 115 12 112 115 138 139 133 133 81 119 94 145 41 81 12 81 
0 0 20 137 136 69 6 27 69 9 10 27 27 62 14 15 41 69 6 19 20 21 22 23 120 93 101 27 136 116 9 93 32 6 34 41 82 27 138 101 27 41 107 69 9 9 23 120 9 23 34 93 82 27 20 41 9 57 58 120 9 20 62 137 93 82 23 101 19 69 70 19 6 9 9 23 69 138 120 10 69 41 82 19 21 85 6 6 9 20 27 57 92 93 20 116 93 97 98 93 69 101 69 82 137 27 10 107 41 109 34 116 69 9 20 6 116 117 6 27 120 85 69 107 9 120 126 127 9 19 22 34 9 41 101 93 136 137 138 6 69 9 9 10 137 69 149 93 27 149 
10 59 66 38 4 38 115 59 8 34 10 34 66 64 67 66 66 38 97 38 20 73 32 66 24 38 38 37 61 29 115 64 32 122 34 66 67 37 38 32 66 66 59 64 44 37 46 37 66 60 67 34 144 67 134 55 59 97 34 59 60 61 112 66 64 59 66 67 59 69 67 38 135 73 37 67 135 38 59 97 37 34 67 64 66 85 86 115 64 89 90 34 64 64 115 10 64 97 44 66 38 67 66 67 67 64 115 44 115 34 110 38 112 113 114 115 59 64 64 67 59 144 122 38 4 125 37 59 60 34 89 34 73 67 134 135 112 144 38 66 66 34 97 10 144 112 67 67 38 44 
10 39 2 3 4 38 38 47 8 9 10 126 127 4 4 127 126 46 18 38 2 21 21 46 73 38 38 126 73 116 30 73 39 33 34 35 36 47 38 39 116 116 39 21 98 126 46 47 116 49 50 8 73 53 54 126 126 57 3 127 89 38 62 21 3 36 127 36 3 98 39 3 72 73 126 46 73 38 116 10 4 3 36 83 21 73 10 116 3 89 46 21 3 38 46 116 38 73 98 3 38 39 102 116 73 3 10 127 3 116 38 111 112 3 116 36 116 127 126 119 116 127 35 127 4 125 126 127 36 126 130 126 73 47 3 135 46 3 38 116 36 141 73 73 3 30 146 57 38 146 
136 106 123 68 136 92 145 7 80 34 10 92 108 68 67 92 16 17 92 68 89 136 32 23 80 145 26 136 136 23 30 145 32 92 34 106 67 80 123 39 40 41 92 92 136 26 136 7 67 49 67 34 52 136 54 92 60 136 34 68 60 123 62 145 92 68 16 67 68 69 67 134 80 67 108 68 92 62 92 145 80 34 67 145 92 136 32 92 106 89 16 106 92 23 108 145 69 136 136 106 92 67 69 67 67 105 106 89 108 69 110 111 112 113 62 106 116 106 32 92 80 80 145 123 54 136 106 123 136 123 89 123 80 67 134 135 136 68 34 92 67 80 80 92 67 145 67 67 16 106 
0 131 2 3 4 79 6 131 8 9 79 117 108 18 79 104 79 8 18 8 51 21 146 46 24 18 46 131 79 8 9 79 54 122 131 122 80 131 3 42 131 80 42 43 79 9 46 8 8 51 54 51 42 122 54 42 9 57 42 42 60 104 122 42 64 122 66 146 68 8 70 3 80 131 108 46 8 8 117 79 80 81 131 8 84 8 6 4 9 79 146 57 146 51 131 46 122 79 3 3 122 8 131 131 104 3 131 42 108 9 110 3 112 113 8 122 46 117 122 8 80 79 122 131 131 46 131 131 9 122 42 131 18 108 131 80 57 137 149 139 117 80 122 8 3 79 146 57 148 149 
10 137 20 137 87 5 87 62 8 9 10 118 8 62 5 62 87 8 25 8 20 21 22 23 118 25 20 147 118 29 20 62 20 5 9 147 87 62 25 70 29 124 130 55 87 62 23 8 8 49 118 8 87 22 20 55 118 137 22 20 137 20 62 25 5 20 20 70 8 5 70 8 70 20 87 8 8 62 118 5 8 147 124 8 87 8 87 87 137 20 87 87 5 147 20 70 96 5 147 99 87 8 118 5 137 137 147 87 118 20 110 87 62 8 114 87 87 8 118 8 8 130 62 20 124 147 118 62 137 5 130 124 132 130 134 137 87 137 87 20 20 118 118 8 137 130 22 147 130 137 
0 1 30 134 134 14 6 134 117 30 106 11 12 13 14 134 66 6 134 30 32 106 32 66 24 87 30 107 28 29 30 79 32 6 34 122 36 117 110 32 30 108 107 30 107 6 30 30 66 117 134 51 87 36 134 12 56 137 34 59 79 24 13 137 106 36 66 36 68 6 134 134 6 36 108 94 32 106 134 79 80 108 36 56 107 117 6 87 106 107 36 106 87 106 94 30 36 142 142 106 36 134 142 1 137 30 106 107 108 6 110 36 106 122 87 115 87 117 32 108 24 142 122 107 142 1 106 107 137 30 106 134 134 108 134 134 134 137 87 6 36 141 142 106 106 30 134 106 134 106 
109 120 46 111 87 120 109 41 48 48 95 99 12 13 17 15 95 17 132 29 20 111 109 29 120 87 46 109 28 29 95 95 20 29 109 29 111 99 111 111 29 41 120 95 44 111 46 29 48 99 12 29 52 41 72 12 120 111 48 120 46 120 29 28 87 12 48 48 120 109 95 71 72 111 74 46 48 48 120 120 120 95 48 95 29 48 87 87 29 87 46 29 87 109 46 95 120 120 95 99 87 95 41 103 95 111 99 87 12 109 120 111 112 46 87 87 116 140 48 140 120 120 122 29 41 120 111 111 48 29 130 12 132 133 29 72 46 109 29 95 140 48 48 120 29 95 41 120 120 109 
115 11 30 144 4 64 115 11 8 74 122 11 12 13 74 127 141 8 18 8 20 122 58 49 86 85 8 11 30 8 30 4 115 122 34 122 140 37 148 8 140 74 148 49 37 37 90 37 8 49 122 8 58 140 113 11 11 113 58 11 49 148 122 122 64 148 140 140 141 8 11 85 4 140 74 8 8 8 78 122 8 8 140 8 90 85 86 4 106 30 90 58 64 64 115 30 122 78 49 11 122 8 8 30 49 64 106 74 74 109 64 127 106 113 8 115 140 117 11 140 78 78 122 127 4 148 74 127 122 30 148 113 18 140 115 8 4 115 30 122 140 141 140 8 144 122 64 8 148 106 
76 11 142 11 4 114 6 11 76 142 76 11 50 4 17 102 32 17 102 96 32 76 32 48 24 25 142 11 28 114 142 96 32 6 50 122 96 11 138 32 142 102 42 56 102 50 46 48 48 4 50 51 50 142 50 11 56 32 11 50 96 28 114 50 64 96 102 48 68 17 114 76 4 76 96 76 76 102 78 28 4 81 56 83 102 76 32 4 32 89 17 32 76 96 108 76 96 142 142 11 100 32 102 76 104 83 102 28 108 6 64 126 32 122 114 32 48 11 118 83 78 142 122 76 142 125 126 142 138 138 114 102 28 76 4 76 28 32 138 6 142 141 142 76 144 83 17 114 125 96 
149 137 27 71 133 92 141 27 8 9 143 11 108 88 140 127 16 8 18 83 143 21 22 27 61 25 27 27 28 8 9 83 137 61 140 99 140 99 71 8 140 133 140 21 149 27 99 47 8 133 54 8 140 27 54 140 56 137 140 127 143 61 127 16 83 83 99 133 133 8 133 71 99 143 108 143 8 8 83 16 8 71 82 83 21 8 140 92 88 99 27 83 92 99 108 133 149 27 149 99 133 8 83 27 133 83 99 27 108 27 133 111 92 8 8 108 140 140 83 119 27 127 140 127 82 133 126 127 137 88 133 83 27 133 71 8 27 137 149 27 140 141 140 143 137 83 149 27 61 149 
0 59 97 97 4 97 109 59 80 109 143 59 116 4 4 75 97 78 97 96 97 73 97 125 24 97 97 97 24 116 97 97 24 97 59 125 73 80 97 42 125 80 42 116 97 125 116 47 116 80 59 24 52 97 54 42 24 57 24 59 60 24 24 42 78 65 97 67 59 109 70 59 80 73 96 75 73 65 78 97 80 97 109 78 116 78 24 4 109 101 116 78 78 109 75 116 96 97 97 116 125 101 97 103 78 105 59 24 116 109 59 116 80 80 80 24 116 78 78 97 120 78 96 97 4 125 78 59 78 116 78 42 80 125 78 80 125 109 97 101 116 80 97 143 125 97 97 125 125 109 
0 59 2 81 80 79 78 15 85 142 79 11 127 13 130 15 15 17 18 85 65 75 130 15 61 85 130 130 61 85 142 79 130 85 81 127 65 44 2 130 40 81 130 85 44 144 46 15 85 98 50 85 52 81 15 85 65 57 52 59 79 61 127 130 15 65 15 144 65 98 127 85 80 85 44 75 81 15 78 79 80 81 65 78 142 85 86 130 144 130 79 15 15 15 75 81 65 79 98 127 142 85 142 81 15 65 144 127 81 85 144 127 80 79 130 142 78 78 142 127 78 121 122 127 142 127 144 127 78 127 130 85 52 130 15 75 85 144 2 130 142 65 142 75 144 79 144 2 130 98 
10 115 35 113 117 33 33 134 117 113 10 11 65 35 145 134 79 118 18 96 20 21 21 33 115 25 33 11 79 35 145 96 115 33 117 35 96 117 96 98 40 35 113 55 79 62 113 48 48 33 50 113 145 33 113 55 65 113 117 115 79 33 62 145 117 65 35 145 65 69 113 35 96 21 96 35 118 77 117 79 113 10 65 145 84 117 117 100 35 145 117 91 33 96 100 145 96 79 98 35 100 134 142 96 96 35 10 115 108 69 110 35 145 113 62 115 116 117 118 117 96 121 122 113 113 96 55 35 128 129 145 113 18 33 134 134 98 115 128 33 117 117 142 10 117 145 113 35 117 96 
38 131 2 38 131 5 6 7 76 128 106 112 127 127 129 15 112 61 2 129 2 76 107 2 61 38 2 107 107 129 2 131 2 61 112 105 127 131 38 131 107 131 131 38 44 45 2 129 2 2 129 105 105 53 112 131 56 131 131 127 128 61 127 131 105 107 2 112 112 112 127 76 107 131 107 75 76 38 127 2 112 107 82 105 131 131 6 107 88 107 2 129 112 93 131 2 38 2 98 106 2 131 131 129 2 105 106 107 112 107 38 127 112 131 2 107 129 127 76 127 2 127 131 123 131 127 126 127 128 129 127 131 2 133 131 76 112 128 2 6 131 6 2 61 106 112 131 2 61 149 
14 131 142 82 4 14 86 41 114 9 10 9 131 4 14 23 41 14 41 41 114 9 114 23 86 23 23 23 4 23 142 131 54 23 9 41 82 131 148 131 142 41 131 41 9 82 23 41 82 104 54 54 82 41 54 41 82 57 23 131 60 104 82 131 23 82 23 14 82 23 114 4 4 142 9 23 131 131 78 14 4 41 82 131 131 131 86 4 9 60 90 104 4 23 131 95 104 142 142 9 142 82 131 103 104 131 131 131 41 9 4 4 54 131 114 142 41 4 142 82 4 142 131 131 124 23 131 142 9 103 130 131 41 104 131 23 4 104 142 82 142 9 142 10 144 14 41 9 148 104 
136 1 147 136 136 5 96 40 8 147 136 136 127 136 5 23 133 118 132 96 147 136 1 23 24 23 45 136 136 23 40 96 118 23 59 147 100 45 148 45 40 41 59 148 136 45 23 120 23 23 59 100 23 136 133 85 56 136 23 59 96 148 45 147 96 148 23 133 59 5 136 85 96 132 96 23 133 148 120 23 120 142 82 8 100 85 24 100 100 136 40 91 5 23 100 133 96 120 136 23 100 100 40 96 133 45 147 5 133 120 110 111 136 23 147 1 120 148 118 133 120 127 96 127 23 125 45 127 136 23 148 1 132 133 136 23 136 1 23 23 133 133 142 120 144 136 146 147 148 96 
144 131 45 144 74 129 141 55 143 141 143 11 55 13 74 141 16 118 18 129 143 21 21 129 24 28 45 45 28 129 129 45 118 55 129 21 67 37 111 45 129 41 55 55 37 45 141 37 48 49 45 143 52 143 54 55 56 57 11 141 60 28 45 21 106 141 16 67 141 11 70 21 129 21 74 143 21 37 78 16 141 41 82 11 21 55 45 87 129 60 16 129 92 37 131 55 74 45 21 37 87 45 102 129 129 45 106 74 74 109 37 111 106 131 118 106 111 74 118 119 78 144 55 123 131 45 126 111 128 129 130 131 132 141 131 135 21 144 129 139 55 141 118 143 144 21 144 106 45 45 
15 59 123 111 13 125 12 15 8 9 15 99 12 13 121 15 15 121 121 62 107 99 107 15 12 123 123 12 107 66 142 15 107 33 59 35 36 99 123 111 142 12 107 12 107 125 15 111 66 49 12 49 121 36 54 12 59 12 15 59 49 123 62 107 117 121 66 36 59 8 70 15 12 36 107 15 76 15 121 121 121 121 36 83 107 121 107 107 123 107 36 15 15 99 15 70 36 142 121 99 36 15 66 123 15 123 107 107 12 109 59 111 123 123 62 107 111 117 142 119 59 121 35 123 142 125 111 127 123 123 121 123 125 119 15 76 125 12 123 33 36 15 142 119 121 121 15 147 125 119 
136 137 138 137 136 137 6 60 101 9 60 55 55 136 60 134 16 146 134 19 137 136 60 136 86 136 26 136 136 138 9 60 137 55 9 122 36 136 138 101 136 19 55 101 9 9 136 48 48 60 50 51 137 136 134 55 9 137 137 137 60 148 19 137 146 36 48 101 19 9 134 71 60 73 9 137 101 138 78 60 101 81 36 19 138 136 86 138 137 60 146 101 55 9 137 101 19 101 136 9 36 101 19 60 137 123 137 107 81 9 60 36 136 9 137 137 48 122 138 137 78 78 122 123 9 136 126 123 128 19 148 134 9 138 134 137 136 137 138 101 36 9 9 137 137 60 146 9 148 137 
0 91 138 29 72 5 72 47 19 30 91 138 72 72 14 134 138 17 134 19 138 21 88 29 30 138 103 103 138 29 30 19 91 91 34 29 47 47 138 138 29 19 42 21 30 126 46 47 47 91 50 34 103 19 91 126 19 91 91 34 103 123 19 88 34 138 29 103 19 5 72 71 72 21 74 91 103 138 134 14 72 103 103 19 84 19 138 138 88 30 29 91 5 29 88 30 19 5 103 72 138 138 19 103 91 123 91 123 91 19 34 126 123 122 5 30 29 30 138 88 29 123 122 123 103 29 126 123 19 129 138 123 72 138 134 72 136 88 138 88 19 126 30 126 19 30 17 138 138 138 
121 106 104 106 4 114 139 27 114 124 106 27 121 14 14 121 133 14 121 19 89 22 22 148 24 114 26 27 148 116 89 133 22 139 138 106 104 139 148 39 121 133 42 139 121 26 26 47 133 104 42 89 121 22 133 42 121 104 42 42 60 148 114 42 106 121 139 104 133 22 70 85 26 104 14 121 133 138 121 145 80 121 124 145 138 85 87 87 22 89 87 104 87 114 42 139 104 27 121 99 87 139 42 104 104 27 106 89 133 22 89 111 89 42 114 106 116 148 114 133 121 121 145 121 124 148 126 121 148 138 130 42 80 133 89 106 27 104 138 139 133 133 121 22 121 145 22 114 148 149 
1 1 123 134 134 134 113 134 113 124 106 1 12 134 124 134 42 146 134 102 94 42 1 124 123 42 101 27 107 124 134 31 42 113 34 106 100 37 123 42 102 102 42 42 37 37 113 37 102 106 134 113 42 102 134 42 94 113 42 42 124 123 102 42 106 37 102 101 42 102 134 134 12 73 37 94 102 102 134 113 37 134 124 102 102 85 124 107 94 134 146 106 42 124 94 31 31 102 37 106 100 101 102 103 124 105 106 107 94 34 34 126 123 113 124 134 12 113 102 102 42 85 113 123 124 1 126 123 134 123 42 131 73 133 134 134 134 1 101 101 140 141 124 106 106 134 146 106 42 106 
80 1 18 41 80 125 18 41 80 9 73 27 41 18 79 73 41 18 18 41 73 73 58 125 73 18 72 27 28 116 9 73 41 139 9 41 73 80 18 73 73 41 52 43 9 9 41 41 9 80 52 80 52 41 72 41 9 80 58 59 72 28 9 73 18 68 80 73 68 80 72 41 72 73 9 41 73 77 80 79 80 41 52 41 90 73 18 52 88 80 90 58 18 80 18 116 72 18 80 72 41 73 41 103 73 105 41 72 41 9 73 73 80 18 114 18 116 18 28 27 80 52 18 18 41 125 126 125 9 72 80 73 132 41 18 72 27 88 18 139 58 80 73 73 52 79 18 27 125 18 
76 1 104 68 4 125 141 41 119 141 76 16 108 4 67 104 16 104 18 140 54 76 22 23 100 16 104 119 138 47 95 31 16 33 141 41 67 47 38 39 140 41 130 95 49 125 41 47 48 49 67 49 140 41 54 41 65 104 140 68 49 104 62 16 140 65 16 67 68 140 67 71 54 76 108 75 76 138 104 16 141 41 82 119 16 125 140 100 88 130 16 104 67 31 108 95 31 68 49 49 100 67 41 67 104 119 130 22 108 41 67 47 67 108 130 108 116 140 76 119 125 130 33 123 104 125 141 119 138 138 130 131 41 133 54 76 16 104 138 33 140 141 140 119 67 95 67 67 16 119 
136 131 18 3 4 5 115 7 101 128 115 7 50 4 115 15 15 71 18 19 54 73 115 15 115 18 101 7 136 29 115 15 115 33 131 122 115 131 3 101 7 7 131 7 44 50 136 7 7 4 50 51 70 136 54 7 115 3 3 7 7 7 54 63 3 65 15 70 3 5 70 71 54 73 4 15 71 15 78 115 4 3 101 78 131 131 115 4 70 89 18 54 15 93 131 101 7 18 3 3 100 101 131 131 15 3 115 107 115 101 110 3 112 131 114 115 29 115 4 71 78 15 122 131 131 136 131 15 128 129 89 131 18 54 134 135 136 3 101 101 131 4 115 3 3 145 18 115 148 18 
76 137 2 137 72 76 72 134 76 93 76 76 72 72 74 134 16 76 134 19 137 76 72 23 73 25 72 27 72 23 2 72 137 33 110 72 73 72 110 39 76 75 39 76 72 45 46 72 76 75 76 51 52 75 72 72 56 137 72 110 72 134 72 137 93 75 110 76 75 76 72 76 72 73 74 75 76 76 134 16 72 76 52 76 76 76 137 137 137 134 46 75 76 93 75 76 72 2 39 72 76 76 76 76 137 72 106 72 72 93 110 111 112 72 137 134 72 76 76 76 72 75 134 76 23 23 126 76 137 72 106 134 72 76 134 135 46 137 138 72 72 72 76 75 137 134 146 93 134 137 
0 0 28 3 4 125 109 27 85 128 0 11 27 13 4 134 16 46 134 53 20 21 53 125 24 25 53 27 28 125 28 4 16 53 112 13 53 27 38 98 4 53 98 21 98 27 46 27 112 98 134 85 52 53 54 85 11 57 11 125 128 28 98 28 13 0 16 112 112 98 70 85 4 21 4 46 21 102 128 97 4 53 98 11 21 85 4 4 98 112 46 57 98 109 27 98 125 97 98 99 125 128 102 27 16 27 112 28 112 109 112 46 112 57 4 134 46 4 28 27 125 85 98 112 4 125 21 125 128 129 27 134 27 16 134 46 136 128 128 27 27 16 98 53 144 112 128 27 125 98 
1 1 20 3 87 114 86 3 114 128 143 1 12 88 115 104 63 17 149 128 20 63 88 109 86 25 38 119 63 3 115 144 32 139 34 88 128 77 38 32 1 3 63 3 149 86 17 1 58 49 63 20 144 143 20 144 149 57 58 1 60 104 114 63 88 20 115 104 68 109 88 3 135 143 3 75 135 77 104 104 57 3 109 119 88 149 86 87 88 20 77 104 3 109 94 104 149 57 3 3 87 128 1 104 104 3 106 20 115 109 144 3 68 113 114 115 109 115 32 119 109 144 115 128 104 1 144 12 128 88 104 1 88 104 3 135 128 137 128 139 86 128 115 143 144 63 149 57 128 149 
149 87 2 38 87 129 87 7 101 128 38 11 2 13 129 77 16 118 2 129 2 77 39 23 87 38 2 109 28 29 30 133 39 133 34 2 128 37 38 39 30 133 39 43 149 39 2 129 2 2 129 51 87 2 77 128 149 39 34 34 128 28 77 101 34 65 2 101 65 109 39 76 129 101 38 2 76 77 128 2 101 149 101 129 84 149 87 87 149 89 77 129 87 109 2 101 149 2 149 77 2 101 77 129 2 149 149 87 108 109 38 38 34 149 87 87 29 30 118 149 2 2 128 2 2 23 129 2 128 129 130 101 2 133 101 135 128 128 138 101 133 133 2 2 38 30 149 2 38 149 
0 137 20 101 20 33 6 27 101 88 95 27 108 101 130 66 66 6 6 19 20 43 130 33 24 33 101 27 33 29 95 31 20 33 58 33 82 37 6 101 40 53 130 43 37 27 95 37 66 33 33 6 58 53 20 33 43 137 58 59 33 33 31 101 92 20 66 101 68 33 95 71 6 101 37 33 76 37 6 31 101 95 82 31 84 33 6 6 88 101 27 101 92 33 20 95 31 101 95 37 101 101 66 103 130 27 130 20 108 6 66 95 92 113 20 6 95 33 6 27 101 130 33 6 82 33 126 33 101 88 130 101 132 33 101 6 27 137 101 139 58 6 101 20 144 95 101 27 130 88 
86 66 142 58 117 69 86 40 8 58 86 58 12 117 14 58 133 8 117 19 20 119 58 58 86 86 26 119 58 40 117 133 86 133 58 66 36 117 19 36 40 133 58 55 98 86 46 36 58 49 12 8 58 36 133 55 56 55 58 58 58 119 19 58 117 36 66 36 133 69 36 119 58 36 117 133 133 77 117 79 36 142 36 19 86 8 86 86 119 20 40 58 36 58 58 133 19 142 98 119 36 8 40 19 133 117 117 20 133 69 66 36 36 117 20 36 116 117 142 119 116 142 117 131 142 133 55 36 36 19 133 131 58 133 131 58 119 86 133 58 140 133 142 119 19 79 36 86 117 119 
80 59 46 68 4 13 6 59 80 9 10 9 65 13 4 15 16 6 6 68 65 126 22 23 80 25 126 9 25 48 9 133 16 33 34 35 36 80 38 126 4 16 59 48 9 126 46 48 48 133 80 51 126 36 133 126 9 80 34 59 9 65 13 16 117 65 16 133 68 80 80 133 80 73 9 68 133 65 117 16 80 34 65 65 16 80 6 4 9 80 16 68 15 25 9 16 65 97 80 9 133 80 118 126 133 65 115 65 133 9 34 111 80 80 118 115 48 117 118 119 80 65 117 6 9 133 126 15 9 126 133 131 80 133 4 80 16 9 133 6 133 141 9 143 126 6 16 9 65 9 
100 102 2 81 124 5 115 40 48 9 81 118 2 35 124 121 2 118 102 53 2 73 53 124 118 97 2 97 2 40 30 102 118 122 9 35 36 80 2 98 40 41 124 97 98 2 2 30 48 2 118 100 121 53 54 140 118 97 140 125 124 121 98 100 64 121 2 36 68 98 30 81 80 73 9 53 118 102 118 97 80 81 124 102 102 85 140 100 9 30 40 2 98 2 100 30 118 97 98 9 100 101 102 81 2 30 115 115 81 9 97 73 80 122 118 115 48 140 118 140 97 121 122 2 124 125 118 127 9 30 121 124 73 140 115 118 98 115 2 101 140 9 142 53 121 30 146 2 125 98 
10 137 20 3 8 92 51 53 8 73 10 11 8 13 67 75 119 8 73 8 20 73 22 75 73 25 53 53 73 8 20 73 22 53 51 75 73 126 3 8 73 53 59 73 10 126 75 75 8 75 67 51 73 53 51 92 51 3 22 59 60 61 8 63 92 75 66 67 75 69 67 3 8 73 74 75 8 8 120 10 8 3 3 8 84 8 10 87 22 20 75 75 92 51 75 10 8 73 3 10 100 8 66 67 73 3 10 20 119 10 10 73 92 8 8 10 120 8 8 119 120 75 10 61 10 120 126 119 137 126 22 10 73 119 3 75 53 137 20 20 119 141 53 143 3 10 22 8 61 119 
0 137 147 3 4 5 6 55 19 137 106 55 55 55 67 121 126 146 146 19 137 126 146 125 137 137 146 147 28 29 106 31 137 55 110 106 67 126 3 39 125 55 55 55 44 126 52 47 67 137 67 51 52 19 3 55 52 137 52 68 137 121 19 137 110 121 110 67 68 5 67 3 68 73 126 68 67 137 121 121 121 3 52 19 146 121 137 137 137 106 146 106 55 93 94 31 19 97 3 106 94 67 106 67 137 3 106 106 94 137 110 3 67 3 137 106 29 117 118 137 125 121 117 106 124 125 126 121 137 19 121 106 52 67 3 137 136 137 3 139 19 126 121 3 144 52 146 147 125 106 
79 14 30 134 14 14 6 7 83 30 79 83 108 14 14 134 79 14 134 83 89 63 130 79 79 25 112 79 79 30 30 79 112 122 112 122 112 79 25 30 40 7 63 95 79 112 46 30 112 83 63 89 52 112 134 95 83 63 52 112 79 83 112 63 83 83 79 112 112 69 95 14 80 134 14 112 95 63 83 79 80 95 14 83 90 83 6 87 63 89 90 83 112 25 108 95 122 79 95 89 63 89 83 30 79 83 112 89 108 69 112 30 112 79 130 30 95 122 83 83 79 79 122 112 14 112 63 79 79 30 130 134 79 95 134 134 112 63 30 95 79 6 30 79 52 145 83 63 130 14 
17 131 18 81 13 92 17 41 17 128 10 17 41 13 14 15 90 17 18 41 22 22 22 90 17 18 26 90 17 47 142 83 22 33 64 41 67 77 26 101 90 41 131 101 149 26 90 47 67 17 67 51 144 41 18 92 149 113 22 71 128 17 77 101 64 77 67 67 68 17 67 71 26 101 90 67 71 77 83 90 41 81 101 83 90 71 87 87 149 101 90 91 92 17 131 101 149 18 149 17 92 101 18 67 67 149 149 22 41 149 67 111 67 113 22 18 41 64 17 149 18 144 113 131 41 125 144 15 128 17 22 131 18 67 18 135 128 149 149 101 67 90 142 22 144 83 146 67 17 149 
27 106 2 57 4 114 86 27 8 9 106 27 2 35 67 93 63 8 2 8 2 63 114 93 86 93 2 27 2 8 2 93 86 93 9 35 67 27 2 39 125 35 63 63 98 27 2 27 8 2 63 93 52 27 93 57 9 57 93 125 60 2 114 63 93 35 2 67 68 8 67 35 93 9 9 67 8 8 78 2 8 81 125 83 100 8 86 114 106 89 27 106 98 93 100 98 93 2 98 93 100 8 2 27 2 35 106 106 81 93 67 57 67 57 114 106 125 8 114 27 125 2 35 2 9 125 106 127 9 2 114 106 27 67 106 93 27 57 2 27 86 9 2 8 144 63 67 147 125 106 
65 125 38 38 134 125 38 61 117 128 38 27 65 117 130 134 16 61 134 38 61 43 130 125 61 38 38 27 61 38 117 61 16 61 38 65 65 27 38 39 125 16 42 43 61 27 46 47 117 49 65 134 42 27 134 42 65 57 42 59 128 61 65 42 117 65 16 65 65 125 134 134 38 134 74 65 76 65 78 16 125 38 65 65 84 125 117 130 42 130 27 61 117 125 27 43 65 27 125 49 125 128 65 27 61 65 130 42 65 27 38 38 16 113 130 134 125 117 125 61 125 130 117 61 124 125 27 125 128 38 130 42 125 16 134 134 125 128 38 130 117 65 125 61 125 130 61 125 148 61 
0 106 138 81 98 14 18 105 119 88 106 11 137 88 14 104 119 146 18 96 137 21 88 109 56 96 45 119 138 138 44 96 137 96 34 88 96 44 138 98 40 81 88 21 44 45 96 44 119 98 88 105 105 81 54 11 56 137 11 34 96 61 98 88 105 96 102 146 96 98 88 81 96 21 96 21 81 138 104 44 98 81 98 119 88 85 137 87 88 98 146 91 98 96 88 98 96 98 98 106 88 138 102 81 104 105 106 106 81 109 44 146 106 113 137 106 109 106 96 119 109 98 96 123 104 96 45 119 137 138 130 106 18 119 18 137 98 137 138 88 119 88 98 119 106 14 146 106 61 149 
